    16205
    16481
    55291
    55292
    55293
    57202
    62201
    63001
    65204
    65205
    65206
    65291
    65292
    65293
    65294
    65295
    66207
    66208
    68201
    90301
    90302
    91201
    94201
    94303
    94391
    94392
    94491
    94492
    95201
    95271
    95481
    95491
    95492
    95941
    96011
    97115
    97121
    99131
    99271
  14201
  15471
  90201
  90202
  90203
  90204
  90205
  90206
  90207
  90208
  90209
 19899841
 19899842
 19899843
 19900201
 19900202
 19900203
 19905201
 19905202
 19905203
 19905204
 19905205
 19907201
 19907202
 19912203
 19915201
 19915202
 19965471
 19968372
 902010
 902011
 902012
 902013
 902014
 902015
 902016
 902017
 902018
 902019
 902020
 902021
 902022
 902023
 902024
 902025
 902026
 97420703
 97420704
 97420705
 97420706
 97420707
 97420708
 97420709
 99361212
 99420701
 99420702
 99420703
 99420704
 99420705
 99420706
 99420707
 99420708
 99420709
100230811
100240811
100270801
100320771
100350751
100361211
100380631
100390731
100391231
100420691
100420701
100420702
100420703
100420704
100420705
100430701
100430702
100440671
100460711
100460712
100460713
100460714
100460715
100460716
101330701
101330761
101350691
101450851
102320761
102420691
102461241
102461242
103330761
103420701
103481291
103481292
104420701
104430691
104430692
104430693
104430694
104430695
104430696
104430697
104430701
104440671
105250801
105350731
105391231
10542070
105420701
1054207010
1054207011
1054207012
1054207013
1054207014
1054207016
1054207017
1054207018
1054207019
105420702
1054207020
1054207021
1054207022
1054207023
1054207024
1054207025
1054207026
1054207027
1054207028
105420703
1054207030
1054207031
1054207032
1054207033
1054207034
1054207035
1054207036
1054207037
1054207038
1054207039
105420704
1054207040
1054207041
1054207042
1054207043
1054207044
1054207045
1054207046
1054207048
1054207049
105420705
1054207050
1054207051
1054207052
1054207053
1054207054
1054207055
1054207056
1054207057
1054207058
1054207059
105420706
1054207060
1054207061
1054207062
1054207063
1054207064
1054207065
1054207066
1054207067
1054207068
1054207069
105420707
1054207070
1054207071
1054207072
1054207073
1054207074
1054207075
1054207076
1054207077
1054207078
1054207079
105420708
1054207080
1054207081
1054207082
1054207083
1054207084
1054207085
1054207086
1054207087
1054207088
1054207089
105420709
1054207090
1054207091
1054207092
1054207093
1054207094
1054207095
1054207096
1054207097
1054207098
1054207099
105430681
10543069
105430691
105430692
105430693
105440671
105440672
105440673
105440674
105440675
105440676
105440681
1054406810
1054406811
1054406812
1054406813
105440682
105440683
105440684
105440685
105440686
105440687
105440688
105440689
105470641
105470642
105470643
105470644
105470645
105470646
106240801
106250841
106270851
106270852
106280851
106280871
106290881
106290882
106290883
106290884
106290885
106290886
106340751
106410701
1064107010
1064107011
1064107012
106410702
106410703
106410704
106410706
106410707
106410708
106410709
106410711
106410712
106410713
106420701
106420702
106420703
106420704
106420705
106430691
106430692
106430693
106430701
106430702
106440661
106440669
106440670
106440671
106440672
106440673
106440674
106440675
106440676
106440677
106440678
106440679
106440681
106440682
106440683
106450671
106450672
106470642
107250811
107260821
107260861
107270861
107280861
107410701
107410702
107410703
107410704
107410705
107410711
107410712
107420701
1074207010
1074207011
1074207012
107420702
107420703
107420704
107420705
107420706
107420707
107420708
107420709
107430691
107430692
107440671
107440672
108240811
108250811
108410711
108410712
108410831
108410832
108410833
108420701
108420702
108420703
108430701
108430702
108440671
1084406710
1084406711
108440672
108440673
108440674
108440675
108440676
10900002
10900003
109290841
109290881
109290882
109290883
109290884
109290885
109330761
109430701
109430702
110300831
110300832
110300833
110300834
110340751
110340752
110391231
110400671
110400672
110400673
110410711
1104107110
1104107111
110410712
110410713
110410714
110410715
110410716
110410717
110410718
110410719
110430701
110430702
110430703
110440671
110440672
110440681
110440682
111280781
114391231
115361221
115430681
115430682
115430683
115430684
115430685
115430686
115440671
115440672
115440673
115440674
115440675
115440676
116420701
116420702
116420703
116420704
116436951
116436952
116436953
116436954
116436955
116436956
117380761
117390761
117410831
117410832
117420701
1174207010
1174207011
1174207012
1174207013
1174207014
117420702
117420703
117420704
117420705
117420706
117420707
117420708
117420709
117430691
1174306910
1174306911
1174306912
1174306913
1174306914
1174306915
117430692
117430693
117430694
117430695
117430696
117430697
117430698
117430699
118270831
118270832
118270833
118270834
118280851
118280852
118280853
118280854
118410831
118410832
118410833
118410834
118440671
118440672
118440673
118440674
118440675
118440676
118440677
119410711
119410712
119410713
119410714
119410715
119410716
119430701
119430702
119430703
119430704
119430705
119430706
119430707
119430708
120290881
120290882
120290884
120340751
120340752
120361211
120410701
120420801
120420802
120430871
120920371
120920372
120920373
120920374
123270831
124420701
124430681
124430682
125400691
125400692
125420801
125420802
125450841
125450842
126390731
126390732
126390733
126390734
127280881
127280882
127280883
127280884
127410701
127410702
127410703
127420861
127430701
127430702
127430703
127430704
128430701
128430702
129270851
129270852
129290841
129290842
129292771
129292772
129420801
129420802
129430701
129430702
129430703
129440681
130410701
130410702
130410703
130410704
130410705
130410706
130410708
130420701
130430701
130430702
130590031
130590032
130590033
130590034
130590041
130590042
130590043
130590044
130590045
130590046
130590047
130590048
131430701
133120371
133120372
133120373
133120374
133420701
134400721
134410691
134410692
134410701
134410702
134410711
134410712
135120371
135120372
135120373
135280891
135280892
135280893
135280894
135410681
135410701
135430701
135437011
135437041
136410701
136410702
136410703
136420701
136450841
137410701
137410702
137420871
137420872
137420873
137420874
137420875
137420876
137430661
137440661
138410701
138410702
138410703
138410721
138410722
138410723
138410724
138410725
138410726
138410727
138410728
138410729
138430661
138430701
1384307010
1384307011
1384307012
1384307013
138430702
138430703
138430704
138430705
138430706
138430707
138430708
138430709
138430710
138430711
138430712
138430713
138430714
138430715
138430716
139390721
139400701
139400721
139410701
139410702
139410831
139410832
139410833
139420691
139420692
139430701
140240801
140240802
140240803
140240804
140240805
140240806
140240807
140350771
140350772
140410701
140410703
140410706
140410707
140410708
140410709
140420801
140420802
143420701
14471
14472
14473
14474
14475
145280891
145280892
145280893
145280894
145280895
145280896
145310811
145310812
145410711
145420701
145420702
145430691
145600041
145600042
145600043
145600044
145600045
145600046
145600047
145600048
146290891
146290892
146290893
146290894
146410701
146430702
146430703
146450831
146450832
146450841
146450842
146450843
147340751
147420707
147430861
147430862
147430863
147430864
148250813
148250814
148410712
148410720
148410721
148410722
148410723
148410724
148410725
148410726
148410727
148410728
148420701
148420702
148420703
148420707
148420708
148420709
148460851
148460852
148460853
149310811
149310812
149410720
149410721
15381
16101
16201
16202
16301
16381
16391
19886970
19886971
19886973
19886974
19886975
19886976
19886977
19886978
19886979
19886981
19886982
19886983
19886984
19886985
19886986
19886987
19886988
19886989
19899840
19899842
19899844
19899845
19899846
19899847
19899848
19899850
19899851
19899852
19899854
19912201
19944371
19944471
19944472
19944473
19944474
19954271
19954371
19954372
19954373
19954471
19965271
19965371
19965381
19968371
19985391
19985392
19987381
19987471
20004371
20004381
20004391
20004392
20004393
20004394
20004395
20004471
20004481
20005391
200053910
20005392
20005393
20005394
20005395
20005396
20005397
20005398
20005399
20006381
20006391
20015201
20015202
204427042
27481
27482
27483
28391
363810
363811
363812
36386
36387
36388
36389
43202
45380
45381
453810
453811
453812
453813
453814
453815
453816
453817
453818
453819
45382
45383
45384
45385
45386
45387
45388
45389
46202
46382
46392
46472
47202
47205
47362
47382
47392
47472
48202
48382
48392
48472
49202
49382
49392
49472
50101
50391
50471
54291
54292
54293
55201
55202
55203
55381
55382
55383
55384
55385
55386
55461
55462
55463
55465
55466
55467
55468
55469
56101
56201
56202
57201
573921
573922
573923
573924
573931
573932
573933
573934
583921
583922
583924
583932
583934
583942
60301
60302
60303
60391
60392
60393
66201
66202
66203
66204
66205
66381
66382
66383
66384
66385
66386
66461
66462
66463
66464
66465
66466
66467
66468
66469
69391
693910
693911
693912
693913
693914
693915
69392
69393
69394
69395
69396
69397
69398
69399
70391
70392
70393
70395
70396
70398
75201
75202
75203
75291
75292
75293
75294
75295
75296
75381
75382
75383
75384
75385
75386
75461
75462
75463
75464
75465
75466
75467
75468
75469
76201
76202
76203
76381
76382
76383
76384
76385
76386
76461
76462
76463
76464
76465
76466
76467
76468
76469
77471
79394
79395
79396
80201
80301
80302
80303
80304
80305
80391
80392
80393
80394
80395
80396
80397
82371
82372
82373
82374
82375
82376
83201
85201
85202
85203
85291
85292
85301
85302
85303
85304
85391
85392
85393
85394
85395
85396
85397
85398
85399
86091
86301
87091
87171
87201
87202
87301
87302
87303
87304
88201
88202
88461
88462
88463
88464
88466
88467
88468
89301
89302
89391
89392
89393
89394
89396
89397
89398
90330771
90340771
90361211
90361212
90361221
90410701
91191
92181
96101
96102
96103
96104
96105
96106
96107
96108
96111
96112
96113
96114
96201
96301
96302
96303
97101
971010
97102
97103
97104
97105
97106
97107
97108
97109
97111
97112
97113
97114
97201
97202
97301
97302
974207010
974207011
974207012
98101
98102
98103
98104
98105
98201
98301
98302
99301
99340751
99361211
994207010
994207011
994207012
994207013
994207014
994207015
994207016
994207017
994207018
99440671
99440681
