 139420691  995939  9 20  21  47 262.9076389  -70.12569   42.11253 -1.0 nan
 139420691  995939  9 20  23  46 262.9902778  -70.09893   42.10317 -1.0 nan
 139420691  995939  9 21   1  47 263.0743056  -70.13568   42.10352 -1.0 nan
 139420691  995939  9 21   3  46 263.1569444  -70.18864   42.10136 -1.0 nan
 139420691  995939  9 21   5  46 263.2402778  -70.18341   42.09335 -1.0 nan
 139420691  995939  9 21   7  46 263.3236111  -70.12086   42.08495 -1.0 nan
 139420691  995939  9 21   9  46 263.4069444  -70.08097   42.06403 -1.0 nan
 139420691  995939  9 21  11  46 263.4902778  -70.10318   42.06872 -1.0 nan
 139420691  995939  9 21  13  46 263.5736111  -70.16163    42.0878 -1.0 nan
 139420691  995939  9 21  15  46 263.6569444  -70.20214   42.09595 -1.0 nan
 139420691  995939  9 21  17  46 263.7402778  -70.18939   42.09513 -1.0 nan
 139420691  995939  9 21  19  46 263.8236111  -70.11702    42.0914 -1.0 nan
 139420691  995939  9 21  21  46 263.9069444  -70.05994    42.0726 -1.0 nan
 139420691  995939  9 21  23  46 263.9902778  -70.04271   42.06307 -1.0 nan
 139420691  995939  9 22   1  46 264.0736111  -70.05612   42.07384 -1.0 nan
 139420691  995939  9 22   3  47 264.1576389  -70.08223   42.08933 -1.0 nan
 139420691  995939  9 22   5  46 264.2402778  -70.09549   42.10379 -1.0 nan
 139420691  995939  9 22   7  46 264.3236111  -70.06803   42.11407 -1.0 nan
 139420691  995939  9 22   9  46 264.4069444  -70.03041   42.11802 -1.0 nan
 139420691  995939  9 22  11  46 264.4902778  -69.99808   42.12548 -1.0 nan
 139420691  995939  9 22  13  46 264.5736111   -69.9784   42.12691 -1.0 nan
 139420691  995939  9 22  15  47 264.6576389  -69.97894   42.11908 -1.0 nan
 139420691  995939  9 22  17  46 264.7402778  -69.98258   42.09648 -1.0 nan
 139420691  995939  9 22  19  46 264.8236111  -69.97868   42.07227 -1.0 nan
 139420691  995939  9 22  21  47 264.9076389  -69.96718   42.05086 -1.0 nan
 139420691  995939  9 22  23  46 264.9902778   -69.9643   42.04066 -1.0 nan
 139420691  995939  9 23   1  47 265.0743056  -69.96259   42.04391 -1.0 nan
 139420691  995939  9 23   3  46 265.1569444  -69.95859    42.0437 -1.0 nan
 139420691  995939  9 23   5  46 265.2402778  -69.95256   42.02385 -1.0 nan
 139420691  995939  9 23   7  46 265.3236111  -69.93372   41.98429 -1.0 nan
 139420691  995939  9 23   9  47 265.4076389   -69.9139   41.92971 -1.0 nan
 139420691  995939  9 23  11  53 265.4951389  -69.90216   41.88429 -1.0 nan
 139420691  995939  9 23  13  46 265.5736111  -69.89948   41.85225 -1.0 nan
 139420691  995939  9 23  15  46 265.6569444  -69.90096     41.827 -1.0 nan
 139420691  995939  9 23  17  47 265.7409722   -69.8965   41.79043 -1.0 nan
 139420691  995939  9 23  19  46 265.8236111  -69.88444   41.74518 -1.0 nan
 139420691  995939  9 23  21  46 265.9069444  -69.88347   41.71183 -1.0 nan
 139420691  995939  9 23  23  46 265.9902778  -69.87871   41.69937 -1.0 nan
 139420691  995939  9 24   1  46 266.0736111  -69.87272   41.70093 -1.0 nan
 139420691  995939  9 24   3  46 266.1569444  -69.87278   41.69339 -1.0 nan
 139420691  995939  9 24   5  46 266.2402778  -69.88156   41.66932 -1.0 nan
 139420691  995939  9 24   9  46 266.4069444  -69.90512   41.60566 -1.0 nan
 139420691  995939  9 24  11  46 266.4902778  -69.89729    41.6067 -1.0 nan
 139420691  995939  9 24  13  46 266.5736111  -69.87577   41.63455 -1.0 nan
 139420691  995939  9 24  15  46 266.6569444  -69.85744   41.65458 -1.0 nan
 139420691  995939  9 24  17  46 266.7402778  -69.84882   41.64227 -1.0 nan
 139420691  995939  9 24  19  47 266.8243056  -69.85832   41.59742 -1.0 nan
 139420691  995939  9 24  21  46 266.9069444  -69.87888   41.55703 -1.0 nan
 139420691  995939  9 24  23  47 266.9909722  -69.89019   41.54749 -1.0 nan
 139420691  995939  9 25   1  46 267.0736111   -69.8774   41.57797 -1.0 nan
 139420691  995939  9 25   3  46 267.1569444  -69.86386   41.61418 -1.0 nan
 139420691  995939  9 25   5  46 267.2402778  -69.85751   41.61606 -1.0 nan
 139420691  995939  9 25   7  46 267.3236111  -69.86834   41.58281 -1.0 nan
 139420691  995939  9 25   9  46 267.4069444  -69.88435   41.53884 -1.0 nan
 139420691  995939  9 25  11  47 267.4909722  -69.91143   41.51904 -1.0 nan
 139420691  995939  9 25  13  46 267.5736111  -69.90049   41.53809 -1.0 nan
 139420691  995939  9 25  15  46 267.6569444  -69.87341   41.57028 -1.0 nan
 139420691  995939  9 25  17  46 267.7402778  -69.86279   41.58876 -1.0 nan
 139420691  995939  9 25  19  46 267.8236111  -69.87201   41.56602 -1.0 nan
 139420691  995939  9 25  21  46 267.9069444  -69.90295   41.52276 -1.0 nan
 139420691  995939  9 25  23  47 267.9909722  -69.95014    41.5063 -1.0 nan
 139420691  995939  9 26   1  46 268.0736111  -69.95098   41.51743 -1.0 nan
 139420691  995939  9 26   4   2 268.1680556   -69.9007   41.54066 -1.0 nan
 139420691  995939  9 26   5  46 268.2402778  -69.86849   41.54858 -1.0 nan
 139420691  995939  9 26   7  47 268.3243056  -69.85403   41.52524 -1.0 nan
 139420691  995939  9 26   9  46 268.4069444  -69.86703   41.46867 -1.0 nan
 139420691  995939  9 26  11  46 268.4902778  -69.89682   41.41355 -1.0 nan
 139420691  995939  9 26  13  46 268.5736111  -69.90877   41.40621 -1.0 nan
 139420691  995939  9 26  15  46 268.6569444  -69.90817   41.41138 -1.0 nan
 139420691  995939  9 26  17  46 268.7402778  -69.87319   41.42941 -1.0 nan
 139420691  995939  9 26  19  47 268.8243056   -69.8636   41.44071 -1.0 nan
 139420691  995939  9 26  21  46 268.9069444  -69.88592   41.40756 -1.0 nan
 139420691  995939  9 26  23  47 268.9909722   -69.9437   41.38045 -1.0 nan
 139420691  995939  9 27   1  46 269.0736111  -69.97162   41.37053 -1.0 nan
 139420691  995939  9 27   3  46 269.1569444   -69.9752   41.37938 -1.0 nan
 139420691  995939  9 27   5  46 269.2402778  -69.95005   41.39498 -1.0 nan
 139420691  995939  9 27   7  46 269.3236111  -69.90096   41.40051 -1.0 nan
 139420691  995939  9 27   9  53 269.4118056  -69.87218   41.38083 -1.0 nan
 139420691  995939  9 27  11  46 269.4902778  -69.87326   41.33947 -1.0 nan
 139420691  995939  9 27  13  46 269.5736111  -69.88583   41.30361 -1.0 nan
 139420691  995939  9 27  15  46 269.6569444   -69.9004    41.2949 -1.0 nan
 139420691  995939  9 27  17  46 269.7402778  -69.88993   41.32247 -1.0 nan
 139420691  995939  9 27  19  47 269.8243056  -69.88212   41.34811 -1.0 nan
 139420691  995939  9 27  21  46 269.9069444  -69.87519   41.33543 -1.0 nan
 139420691  995939  9 27  23  46 269.9902778  -69.88555    41.2958 -1.0 nan
 139420691  995939  9 28   1  46 270.0736111  -69.92091   41.25526 -1.0 nan
 139420691  995939  9 28   3  46 270.1569444  -69.93744    41.2271 -1.0 nan
 139420691  995939  9 28   5  46 270.2402778  -69.91967   41.25713 -1.0 nan
 139420691  995939  9 28   7  47 270.3243056  -69.88472   41.29049 -1.0 nan
 139420691  995939  9 28   9  46 270.4069444   -69.8768   41.28993 -1.0 nan
 139420691  995939  9 28  11  46 270.4902778  -69.88793    41.2611 -1.0 nan
 139420691  995939  9 28  13  46 270.5736111  -69.92804   41.22102 -1.0 nan
 139420691  995939  9 28  15  46 270.6569444  -69.96827   41.18677 -1.0 nan
 139420691  995939  9 28  17  46 270.7402778  -69.97422    41.1918 -1.0 nan
 139420691  995939  9 28  19  46 270.8236111  -69.92308   41.24051 -1.0 nan
 139420691  995939  9 28  21  46 270.9069444  -69.89341   41.27547 -1.0 nan
 139420691  995939  9 28  23  46 270.9902778   -69.8965   41.25787 -1.0 nan
 139420691  995939  9 29   1  46 271.0736111  -69.94269   41.21073 -1.0 nan
 139420691  995939  9 29   3  46 271.1569444  -69.99569   41.17173 -1.0 nan
 139420691  995939  9 29   5  47 271.2409722  -70.02172   41.17292 -1.0 nan
 139420691  995939  9 29   7  46 271.3236111  -69.98426   41.18413 -1.0 nan
 139420691  995939  9 29   9  47 271.4076389  -69.93422   41.22358 -1.0 nan
 139420691  995939  9 29  11  46 271.4902778  -69.91712   41.25104 -1.0 nan
 139420691  995939  9 29  13  47 271.5743056  -69.94894   41.21591 -1.0 nan
 139420691  995939  9 29  15  46 271.6569444  -70.00387   41.17974 -1.0 nan
 139420691  995939  9 29  17  47 271.7409722  -70.02769   41.17919 -1.0 nan
 139420691  995939  9 29  19  46 271.8236111  -69.99155   41.18834 -1.0 nan
 139420691  995939  9 29  21  46 271.9069444  -69.94177    41.2154 -1.0 nan
 139420691  995939  9 29  23  46 271.9902778  -69.92379   41.23801 -1.0 nan
 139420691  995939  9 30   1  47 272.0743056  -69.96424   41.20113 -1.0 nan
 139420691  995939  9 30   3  46 272.1569444  -70.02157   41.17636 -1.0 nan
 139420691  995939  9 30   5  46 272.2402778  -70.05423   41.18069 -1.0 nan
 139420691  995939  9 30   7  46 272.3236111  -70.03488   41.19428 -1.0 nan
 139420691  995939  9 30   9  46 272.4069444  -69.96437   41.20544 -1.0 nan
 139420691  995939  9 30  11  46 272.4902778  -69.91667   41.24918 -1.0 nan
 139420691  995939  9 30  13  47 272.5743056  -69.92778   41.23921 -1.0 nan
 139420691  995939  9 30  15  46 272.6569444   -69.9843   41.18906 -1.0 nan
 139420691  995939  9 30  17  47 272.7409722  -70.02584   41.17094 -1.0 nan
 139420691  995939  9 30  19  46 272.8236111  -70.02468    41.1776 -1.0 nan
 139420691  995939  9 30  21  46 272.9069444  -69.97619    41.1883 -1.0 nan
 139420691  995939 10  1   1  46 273.0736111  -69.93941   41.19399 -1.0 nan
 139420691  995939 10  1   3  46 273.1569444  -69.98632   41.15725 -1.0 nan
 139420691  995939 10  1   7  47 273.3243056  -70.06155   41.15572 -1.0 nan
 139420691  995939 10  1   9  46 273.4069444  -70.01668   41.16934 -1.0 nan
 139420691  995939 10  1  11  46 273.4902778  -69.94454    41.1944 -1.0 nan
 139420691  995939 10  1  13  46 273.5736111  -69.92233   41.19274 -1.0 nan
 139420691  995939 10  1  15  46 273.6569444  -69.95563   41.15257 -1.0 nan
 139420691  995939 10  1  18   2 273.7513889  -70.00089   41.13131 -1.0 nan
 139420691  995939 10  1  19  46 273.8236111  -70.01996   41.13751 -1.0 nan
 139420691  995939 10  1  21  47 273.9076389  -69.97975   41.15442 -1.0 nan
 139420691  995939 10  1  23  46 273.9902778   -69.9316   41.17491 -1.0 nan
 139420691  995939 10  2   1  46 274.0736111  -69.90233   41.16793 -1.0 nan
 139420691  995939 10  2   3  46 274.1569444  -69.93628   41.13349 -1.0 nan
 139420691  995939 10  2   5  46 274.2402778  -69.99507   41.11541 -1.0 nan
 139420691  995939 10  2   7  46 274.3236111   -70.0349   41.12028 -1.0 nan
 139420691  995939 10  2   9  47 274.4076389  -70.01132   41.14016 -1.0 nan
 139420691  995939 10  2  11  46 274.4902778   -69.9498   41.15567 -1.0 nan
 139420691  995939 10  2  13  47 274.5743056  -69.91171   41.16257 -1.0 nan
 139420691  995939 10  2  15  46 274.6569444  -69.92918   41.13219 -1.0 nan
 139420691  995939 10  2  17  46 274.7402778  -69.99179   41.11198 -1.0 nan
 139420691  995939 10  2  19  46 274.8236111  -70.04597   41.11256 -1.0 nan
 139420691  995939 10  2  21  46 274.9069444  -70.03076   41.12882 -1.0 nan
 139420691  995939 10  2  23  46 274.9902778  -69.96797   41.14208 -1.0 nan
 139420691  995939 10  3   1  46 275.0736111  -69.92143   41.14973 -1.0 nan
 139420691  995939 10  3   3  47 275.1576389    -69.939   41.12541 -1.0 nan
 139420691  995939 10  3   5  46 275.2402778  -69.99831   41.10697 -1.0 nan
 139420691  995939 10  3   7  46 275.3236111  -70.05384   41.10518 -1.0 nan
 139420691  995939 10  3   9  46 275.4069444  -70.05464   41.12335 -1.0 nan
 139420691  995939 10  3  11  46 275.4902778  -69.99398   41.13835 -1.0 nan
 139420691  995939 10  3  13  46 275.5736111  -69.93242   41.14308 -1.0 nan
 139420691  995939 10  3  15  47 275.6576389  -69.92988   41.12375 -1.0 nan
 139420691  995939 10  3  17  46 275.7402778  -69.97767    41.1016 -1.0 nan
 139420691  995939 10  3  19  46 275.8236111  -70.02374   41.09193 -1.0 nan
 139420691  995939 10  3  21  47 275.9076389  -70.03541   41.10581 -1.0 nan
 139420691  995939 10  3  23  46 275.9902778  -69.98456   41.12306 -1.0 nan
 139420691  995939 10  4   1  46 276.0736111  -69.92154    41.1323 -1.0 nan
 139420691  995939 10  4   3  46 276.1569444  -69.90119   41.12691 -1.0 nan
 139420691  995939 10  4   5  47 276.2409722  -69.94638   41.10506 -1.0 nan
 139420691  995939 10  4   7  46 276.3236111  -69.99799   41.09262 -1.0 nan
 139420691  995939 10  4   9  46 276.4069444  -70.01893   41.10263 -1.0 nan
 139420691  995939 10  4  11  46 276.4902778  -69.97518   41.12402 -1.0 nan
 139420691  995939 10  4  13  47 276.5743056  -69.90855   41.14125 -1.0 nan
 139420691  995939 10  4  15  46 276.6569444  -69.88999   41.13878 -1.0 nan
 139420691  995939 10  4  17  46 276.7402778  -69.93338   41.11225 -1.0 nan
 139420691  995939 10  4  19  46 276.8236111  -69.99039   41.09544 -1.0 nan
 139420691  995939 10  4  21  46 276.9069444  -70.02164   41.09843 -1.0 nan
 139420691  995939 10  4  23  46 276.9902778  -69.98999   41.11769 -1.0 nan
 139420691  995939 10  5   1  47 277.0743056  -69.91199   41.13594 -1.0 nan
 139420691  995939 10  5   3  46 277.1569444  -69.88847   41.13797 -1.0 nan
 139420691  995939 10  5   5  47 277.2409722  -69.93029   41.11053 -1.0 nan
 139420691  995939 10  5   7  46 277.3236111  -69.98318   41.09368 -1.0 nan
 139420691  995939 10  5   9  47 277.4076389  -70.02398   41.09444 -1.0 nan
 139420691  995939 10  5  11  46 277.4902778  -70.00908   41.11463 -1.0 nan
 139420691  995939 10  5  13  46 277.5736111  -69.93952   41.12844 -1.0 nan
 139420691  995939 10  5  15  46 277.6569444  -69.89323   41.13655 -1.0 nan
 139420691  995939 10  5  17  47 277.7409722  -69.92628   41.11176 -1.0 nan
 139420691  995939 10  5  19  46 277.8236111  -69.98524    41.0917 -1.0 nan
 139420691  995939 10  5  21  46 277.9069444    -70.035   41.08929 -1.0 nan
 139420691  995939 10  5  23  46 277.9902778  -70.03116   41.10705 -1.0 nan
 139420691  995939 10  6   1  47 278.0743056    -69.961   41.12037 -1.0 nan
 139420691  995939 10  6   3  46 278.1569444  -69.89989   41.13273 -1.0 nan
 139420691  995939 10  6   5  46 278.2402778  -69.90654   41.11388 -1.0 nan
 139420691  995939 10  6   7  46 278.3236111  -69.95804   41.09103 -1.0 nan
 139420691  995939 10  6   9  46 278.4069444  -70.01022   41.08535 -1.0 nan
 139420691  995939 10  6  11  46 278.4902778  -70.01235   41.10163 -1.0 nan
 139420691  995939 10  6  13  47 278.5743056  -69.94636   41.12264 -1.0 nan
 139420691  995939 10  6  15  46 278.6569444   -69.8886    41.1351 -1.0 nan
 139420691  995939 10  6  17  46 278.7402778  -69.89278    41.1146 -1.0 nan
 139420691  995939 10  6  19  46 278.8236111  -69.94958   41.08888 -1.0 nan
 139420691  995939 10  6  21  47 278.9076389  -70.01449   41.08048 -1.0 nan
 139420691  995939 10  6  23  46 278.9902778   -70.0338   41.09623 -1.0 nan
 139420691  995939 10  7   1  46 279.0736111  -69.98308   41.11653 -1.0 nan
 139420691  995939 10  7   3  46 279.1569444  -69.90089   41.13933 -1.0 nan
 139420691  995939 10  7   5  47 279.2409722  -69.89203   41.13184 -1.0 nan
 139420691  995939 10  7   7  46 279.3236111  -69.94164   41.10584 -1.0 nan
 139420691  995939 10  7   9  46 279.4069444  -69.99254   41.09457 -1.0 nan
 139420691  995939 10  7  11  46 279.4902778  -70.01483   41.10451 -1.0 nan
 139420691  995939 10  7  13  47 279.5743056  -69.96922   41.12922 -1.0 nan
 139420691  995939 10  7  15  46 279.6569444  -69.90392    41.1512 -1.0 nan
 139420691  995939 10  7  17  46 279.7402778  -69.89673   41.14453 -1.0 nan
 139420691  995939 10  7  19  46 279.8236111  -69.95327   41.11513 -1.0 nan
 139420691  995939 10  7  21  46 279.9069444   -70.0241   41.10108 -1.0 nan
 139420691  995939 10  7  23  46 279.9902778  -70.06226   41.11199 -1.0 nan
 139420691  995939 10  8   1  46 280.0736111  -70.02668   41.13838 -1.0 nan
 139420691  995939 10  8   3  46 280.1569444  -69.95469   41.15071 -1.0 nan
 139420691  995939 10  8   5  47 280.2409722  -69.91583   41.15684 -1.0 nan
 139420691  995939 10  8   7  46 280.3236111  -69.94958   41.12461 -1.0 nan
 139420691  995939 10  8   9  46 280.4069444   -70.0211   41.10065 -1.0 nan
 139420691  995939 10  8  11  46 280.4902778  -70.06365   41.10153 -1.0 nan
 139420691  995939 10  8  13  47 280.5743056  -70.04142   41.11464 -1.0 nan
 139420691  995939 10  8  15  46 280.6569444  -69.97319    41.1193 -1.0 nan
 139420691  995939 10  8  17  46 280.7402778  -69.92175   41.12042 -1.0 nan
 139420691  995939 10  8  19  46 280.8236111  -69.93885   41.09411 -1.0 nan
 139420691  995939 10  8  21  46 280.9069444  -70.00958   41.07219 -1.0 nan
 139420691  995939 10  8  23  46 280.9902778   -70.0703   41.07252 -1.0 nan
 139420691  995939 10  9   1  46 281.0736111   -70.0805   41.09404 -1.0 nan
 139420691  995939 10  9   3  46 281.1569444  -70.02316   41.10582 -1.0 nan
 139420691  995939 10  9   5  47 281.2409722  -69.95462   41.10613 -1.0 nan
 139420691  995939 10  9   7  46 281.3236111  -69.94405   41.08161 -1.0 nan
 139420691  995939 10  9   9  54 281.4125000  -69.99224   41.05479 -1.0 nan
 139420691  995939 10  9  11  46 281.4902778  -70.04771   41.05184 -1.0 nan
 139420691  995939 10  9  13  47 281.5743056  -70.07131    41.0666 -1.0 nan
 139420691  995939 10  9  15  46 281.6569444  -70.04228   41.08481 -1.0 nan
 139420691  995939 10  9  17  46 281.7402778  -69.98548   41.08822 -1.0 nan
 139420691  995939 10  9  19  46 281.8236111  -69.97263   41.06756 -1.0 nan
 139420691  995939 10  9  21  46 281.9069444  -70.01947   41.04239 -1.0 nan
 139420691  995939 10  9  23  46 281.9902778  -70.08489    41.0431 -1.0 nan
 139420691  995939 10 10   1  46 282.0736111  -70.12103    41.0615 -1.0 nan
 139420691  995939 10 10   3  47 282.1576389  -70.10341   41.08449 -1.0 nan
 139420691  995939 10 10   5  46 282.2402778  -70.04026   41.08944 -1.0 nan
 139420691  995939 10 10   7  47 282.3243056  -69.99492   41.07618 -1.0 nan
 139420691  995939 10 10   9  53 282.4118056   -70.0087   41.04616 -1.0 nan
 139420691  995939 10 10  11  46 282.4902778  -70.05773   41.03298 -1.0 nan
 139420691  995939 10 10  13  46 282.5736111  -70.09427   41.04317 -1.0 nan
 139420691  995939 10 10  15  47 282.6576389  -70.08466   41.06397 -1.0 nan
 139420691  995939 10 10  17  46 282.7402778  -70.02883   41.07237 -1.0 nan
 139420691  995939 10 10  19  46 282.8236111  -69.98554   41.06195 -1.0 nan
 139420691  995939 10 10  21  46 282.9069444  -70.00355   41.02612 -1.0 nan
 139420691  995939 10 10  23  46 282.9902778  -70.07833   41.01032 -1.0 nan
 139420691  995939 10 11   1  46 283.0736111  -70.13453     41.024 -1.0 nan
 139420691  995939 10 11   3  46 283.1569444  -70.14268   41.05205 -1.0 nan
 139420691  995939 10 11   5  47 283.2409722  -70.10036   41.06879 -1.0 nan
 139420691  995939 10 11   7  46 283.3236111  -70.03606   41.06497 -1.0 nan
 139420691  995939 10 11   9  47 283.4076389  -70.01415   41.03772 -1.0 nan
 139420691  995939 10 11  11  46 283.4902778  -70.04996   41.01175 -1.0 nan
 139420691  995939 10 11  13  47 283.5743056   -70.0973   41.00708 -1.0 nan
 139420691  995939 10 11  15  46 283.6569444  -70.11682   41.02212 -1.0 nan
 139420691  995939 10 11  17  46 283.7402778  -70.09195   41.03743 -1.0 nan
 139420691  995939 10 11  19  46 283.8236111  -70.04453   41.03012 -1.0 nan
 139420691  995939 10 11  21  47 283.9076389  -70.03505   41.00027 -1.0 nan
 139420691  995939 10 11  23  46 283.9902778  -70.08208   40.97224 -1.0 nan
 139420691  995939 10 12   1  47 284.0743056  -70.14813   40.96664 -1.0 nan
 139420691  995939 10 12   3  46 284.1569444  -70.19326   40.98675 -1.0 nan
 139420691  995939 10 12   5  47 284.2409722  -70.19139   41.01685 -1.0 nan
 139420691  995939 10 12   7  46 284.3236111  -70.15171   41.03179 -1.0 nan
 139420691  995939 10 12   9  47 284.4076389  -70.11191   41.02211 -1.0 nan
 139420691  995939 10 12  11  46 284.4902778  -70.11933   40.99679 -1.0 nan
 139420691  995939 10 12  13  47 284.5743056  -70.16075    40.9788 -1.0 nan
 139420691  995939 10 12  15  46 284.6569444  -70.20443   40.98047 -1.0 nan
 139420691  995939 10 12  17  46 284.7402778  -70.23181    41.0008 -1.0 nan
 139420691  995939 10 12  19  46 284.8236111  -70.23426   41.02272 -1.0 nan
 139420691  995939 10 12  21  46 284.9069444  -70.22943   41.03278 -1.0 nan
 139420691  995939 10 12  23  46 284.9902778   -70.2522    41.0278 -1.0 nan
 139420691  995939 10 13   1  53 285.0784722  -70.30144   41.02734 -1.0 nan
 139420691  995939 10 13   3  46 285.1569444  -70.35153   41.03977 -1.0 nan
 139420691  995939 10 13   5  46 285.2402778  -70.38582   41.06428 -1.0 nan
 139420691  995939 10 13   7  46 285.3236111  -70.39629   41.08659 -1.0 nan
 139420691  995939 10 13   9  46 285.4069444  -70.39077   41.09687 -1.0 nan
 139420691  995939 10 13  11  46 285.4902778  -70.38888   41.09589 -1.0 nan
 139420691  995939 10 13  13  54 285.5791667  -70.40612   41.09032 -1.0 nan
 139420691  995939 10 13  15  46 285.6569444   -70.4342   41.08869 -1.0 nan
 139420691  995939 10 13  17  47 285.7409722  -70.46173   41.09606 -1.0 nan
 139420691  995939 10 13  19  46 285.8236111  -70.47723   41.10795 -1.0 nan
 139420691  995939 10 13  21  46 285.9069444  -70.47705   41.11707 -1.0 nan
 139420691  995939 10 13  23  46 285.9902778  -70.47341   41.11927 -1.0 nan
 139420691  995939 10 14   1  47 286.0743056  -70.48669   41.11439 -1.0 nan
 139420691  995939 10 14   3  46 286.1569444  -70.51104   41.11185 -1.0 nan
 139420691  995939 10 14   5  47 286.2409722  -70.53405   41.11793 -1.0 nan
 139420691  995939 10 14   7  46 286.3236111  -70.54162   41.12821 -1.0 nan
 139420691  995939 10 14   9  46 286.4069444  -70.53345   41.13487 -1.0 nan
 139420691  995939 10 14  11  46 286.4902778  -70.51933   41.13626 -1.0 nan
 139420691  995939 10 14  13  47 286.5743056  -70.51857   41.13192 -1.0 nan
 139420691  995939 10 14  15  46 286.6569444  -70.53473   41.12777 -1.0 nan
 139420691  995939 10 14  17  46 286.7402778  -70.56046   41.13069 -1.0 nan
 139420691  995939 10 14  19  46 286.8236111  -70.57617   41.14375 -1.0 nan
 139420691  995939 10 14  21  47 286.9076389  -70.57379   41.15818 -1.0 nan
 139420691  995939 10 14  23  46 286.9902778  -70.55939   41.16578 -1.0 nan
 139420691  995939 10 15   1  46 287.0736111  -70.55576   41.16321 -1.0 nan
 139420691  995939 10 15   3  46 287.1569444  -70.57089   41.15856 -1.0 nan
 139420691  995939 10 15   5  47 287.2409722  -70.59569   41.15827 -1.0 nan
 139420691  995939 10 15   7  46 287.3236111  -70.61438   41.16401 -1.0 nan
 139420691  995939 10 15   9  46 287.4069444  -70.61825   41.16982 -1.0 nan
 139420691  995939 10 15  11  46 287.4902778  -70.60964   41.17191 -1.0 nan
 139420691  995939 10 15  13  46 287.5736111  -70.60363   41.16786 -1.0 nan
 139420691  995939 10 15  15  46 287.6569444  -70.61486    41.1617 -1.0 nan
 139420691  995939 10 15  17  46 287.7402778  -70.63949    41.1592 -1.0 nan
 139420691  995939 10 15  19  46 287.8236111  -70.66642   41.16609 -1.0 nan
 139420691  995939 10 15  21  47 287.9076389  -70.67828   41.17672 -1.0 nan
 139420691  995939 10 15  23  46 287.9902778  -70.67414   41.18177 -1.0 nan
 139420691  995939 10 16   1  47 288.0743056  -70.66848   41.17827 -1.0 nan
 139420691  995939 10 16   3  46 288.1569444  -70.67983   41.17134 -1.0 nan
 139420691  995939 10 16   5  46 288.2402778  -70.70446   41.16729 -1.0 nan
 139420691  995939 10 16   7  46 288.3236111   -70.7324    41.1692 -1.0 nan
 139420691  995939 10 16   9  47 288.4076389  -70.74791   41.17515 -1.0 nan
 139420691  995939 10 16  11  46 288.4902778   -70.7468   41.17553 -1.0 nan
 139420691  995939 10 16  13  47 288.5743056  -70.73532   41.17152 -1.0 nan
 139420691  995939 10 16  15  46 288.6569444  -70.73152   41.16179 -1.0 nan
 139420691  995939 10 16  17  47 288.7409722  -70.74154    41.1513 -1.0 nan
 139420691  995939 10 16  19  46 288.8236111  -70.76253    41.1473 -1.0 nan
 139420691  995939 10 16  21  46 288.9069444   -70.7786   41.15425 -1.0 nan
 139420691  995939 10 16  23  46 288.9902778  -70.77688   41.16161 -1.0 nan
 139420691  995939 10 17   1  54 289.0791667  -70.76113   41.16329 -1.0 nan
 139420691  995939 10 17   3  46 289.1569444   -70.7557    41.1608 -1.0 nan
 139420691  995939 10 17   5  46 289.2402778  -70.76293   41.15803 -1.0 nan
 139420691  995939 10 17   7  46 289.3236111  -70.77557   41.15942 -1.0 nan
 139420691  995939 10 17   9  46 289.4069444  -70.78242   41.16318 -1.0 nan
 139420691  995939 10 17  11  46 289.4902778  -70.77467   41.16261 -1.0 nan
 139420691  995939 10 17  13  46 289.5736111  -70.75744   41.15986 -1.0 nan
 139420691  995939 10 17  15  46 289.6569444  -70.73897   41.15346 -1.0 nan
 139420691  995939 10 17  17  47 289.7409722   -70.7301   41.14449 -1.0 nan
 139420691  995939 10 17  19  46 289.8236111  -70.73457   41.13551 -1.0 nan
 139420691  995939 10 17  22   2 289.9180556  -70.73856   41.13566 -1.0 nan
 139420691  995939 10 17  23  46 289.9902778  -70.73144   41.14049 -1.0 nan
 139420691  995939 10 18   1  46 290.0736111  -70.71077   41.14141 -1.0 nan
 139420691  995939 10 18   3  46 290.1569444  -70.68788   41.13871 -1.0 nan
 139420691  995939 10 18   5  46 290.2402778  -70.68019    41.1336 -1.0 nan
 139420691  995939 10 18   7  47 290.3243056  -70.68635   41.12813 -1.0 nan
 139420691  995939 10 18   9  46 290.4069444  -70.69283   41.13171 -1.0 nan
 139420691  995939 10 18  11  47 290.4909722  -70.67725   41.13883 -1.0 nan
 139420691  995939 10 18  13  46 290.5736111  -70.64402   41.13677 -1.0 nan
 139420691  995939 10 18  15  47 290.6576389  -70.61029   41.12478 -1.0 nan
 139420691  995939 10 18  17  46 290.7402778   -70.5975   41.10815 -1.0 nan
 139420691  995939 10 18  19  47 290.8243056  -70.60108   41.09524 -1.0 nan
 139420691  995939 10 18  21  46 290.9069444  -70.61153   41.09131 -1.0 nan
 139420691  995939 10 18  23  47 290.9909722  -70.61346   41.09355 -1.0 nan
 139420691  995939 10 19   1  46 291.0736111  -70.60183   41.09602 -1.0 nan
 139420691  995939 10 19   3  47 291.1576389    -70.584   41.09532 -1.0 nan
 139420691  995939 10 19   5  46 291.2402778  -70.57861   41.08729 -1.0 nan
 139420691  995939 10 19   7  46 291.3236111  -70.58529   41.07755 -1.0 nan
 139420691  995939 10 19   9  46 291.4069444  -70.59904   41.07387 -1.0 nan
 139420691  995939 10 19  11  46 291.4902778  -70.60627   41.07696 -1.0 nan
 139420691  995939 10 19  13  46 291.5736111  -70.60805   41.07877 -1.0 nan
 139420691  995939 10 19  15  46 291.6569444  -70.60419   41.07785 -1.0 nan
 139420691  995939 10 19  17  46 291.7402778    -70.607   41.07646 -1.0 nan
 139420691  995939 10 19  19  46 291.8236111  -70.62082   41.07426 -1.0 nan
 139420691  995939 10 19  21  46 291.9069444  -70.64131   41.07763 -1.0 nan
 139420691  995939 10 19  23  46 291.9902778  -70.65631   41.08612 -1.0 nan
 139420691  995939 10 20   1  46 292.0736111  -70.65666    41.0931 -1.0 nan
 139420691  995939 10 20   3  47 292.1576389   -70.6393   41.09382 -1.0 nan
 139420691  995939 10 20   5  46 292.2402778  -70.62636   41.08876 -1.0 nan
 139420691  995939 10 20   7  47 292.3243056  -70.63086   41.08085 -1.0 nan
 139420691  995939 10 20   9  46 292.4069444  -70.64342    41.0749 -1.0 nan
 139420691  995939 10 20  11  46 292.4902778  -70.65056   41.07647 -1.0 nan
 139420691  995939 10 20  13  46 292.5736111  -70.64374   41.07802 -1.0 nan
 139420691  995939 10 20  15  47 292.6576389  -70.62361   41.07334 -1.0 nan
 139420691  995939 10 20  17  46 292.7402778  -70.60971   41.06265 -1.0 nan
 139420691  995939 10 20  19  46 292.8236111  -70.61138   41.05118 -1.0 nan
 139420691  995939 10 20  21  46 292.9069444  -70.62479   41.04534 -1.0 nan
 139420691  995939 10 20  23  47 292.9909722  -70.63578   41.04887 -1.0 nan
 139420691  995939 10 21   2   2 293.0847222  -70.63438   41.05556 -1.0 nan
 139420691  995939 10 21   3  46 293.1569444  -70.62301   41.05766 -1.0 nan
 139420691  995939 10 21   5  46 293.2402778  -70.61172   41.05315 -1.0 nan
 139420691  995939 10 21   7  47 293.3243056  -70.61496   41.04473 -1.0 nan
 139420691  995939 10 21   9  46 293.4069444  -70.63065   41.03849 -1.0 nan
 139420691  995939 10 21  11  46 293.4902778  -70.64769   41.03759 -1.0 nan
 139420691  995939 10 21  13  46 293.5736111   -70.6505   41.04375 -1.0 nan
 139420691  995939 10 21  15  53 293.6618056  -70.64305   41.04894 -1.0 nan
 139420691  995939 10 21  17  46 293.7402778  -70.62794   41.04946 -1.0 nan
 139420691  995939 10 21  19  47 293.8243056  -70.62367   41.04188 -1.0 nan
 139420691  995939 10 21  21  46 293.9069444  -70.63166   41.03238 -1.0 nan
 139420691  995939 10 21  23  47 293.9909722  -70.64784      41.03 -1.0 nan
 139420691  995939 10 22   1  46 294.0736111  -70.65423   41.03244 -1.0 nan
 139420691  995939 10 22   3  46 294.1569444  -70.65204   41.03548 -1.0 nan
 139420691  995939 10 22   5  46 294.2402778  -70.64498   41.03513 -1.0 nan
 139420691  995939 10 22   7  47 294.3243056  -70.64816   41.03081 -1.0 nan
 139420691  995939 10 22   9  46 294.4069444  -70.65927   41.02588 -1.0 nan
 139420691  995939 10 22  11  47 294.4909722  -70.67462   41.02513 -1.0 nan
 139420691  995939 10 22  13  46 294.5736111  -70.68395   41.03063 -1.0 nan
 139420691  995939 10 22  15  46 294.6569444  -70.68451   41.03603 -1.0 nan
 139420691  995939 10 22  17  46 294.7402778  -70.68064   41.03828 -1.0 nan
 139420691  995939 10 22  19  47 294.8243056  -70.68356   41.03612 -1.0 nan
 139420691  995939 10 22  21  46 294.9069444  -70.69408    41.0326 -1.0 nan
 139420691  995939 10 22  23  47 294.9909722  -70.70961   41.02986 -1.0 nan
 139420691  995939 10 23   1  46 295.0736111  -70.71989   41.03146 -1.0 nan
 139420691  995939 10 23   3  47 295.1576389  -70.72266    41.0304 -1.0 nan
 139420691  995939 10 23   5  46 295.2402778  -70.72193   41.01965 -1.0 nan
 139420691  995939 10 23   7  47 295.3243056  -70.73056   41.00563 -1.0 nan
 139420691  995939 10 23   9  46 295.4069444  -70.75027   40.99433 -1.0 nan
 139420691  995939 10 23  11  47 295.4909722  -70.77341   40.98973 -1.0 nan
 139420691  995939 10 23  13  46 295.5736111  -70.79235   40.99231 -1.0 nan
 139420691  995939 10 23  15  54 295.6625000  -70.80212   40.99752 -1.0 nan
 139420691  995939 10 23  17  46 295.7402778  -70.79995   40.99946 -1.0 nan
 139420691  995939 10 23  19  47 295.8243056  -70.79559   40.99305 -1.0 nan
 139420691  995939 10 23  21  46 295.9069444  -70.80038   40.98164 -1.0 nan
 139420691  995939 10 23  23  47 295.9909722  -70.81441   40.97055 -1.0 nan
 139420691  995939 10 24   1  46 296.0736111   -70.8351    40.9628 -1.0 nan
 139420691  995939 10 24   3  47 296.1576389  -70.85357   40.96005 -1.0 nan
 139420691  995939 10 24   5  46 296.2402778  -70.86441     40.954 -1.0 nan
 139420691  995939 10 24   7  47 296.3243056  -70.86503   40.95011 -1.0 nan
 139420691  995939 10 24   9  46 296.4069444  -70.86353   40.94614 -1.0 nan
 139420691  995939 10 24  11  47 296.4909722  -70.86591    40.9404 -1.0 nan
 139420691  995939 10 24  13  46 296.5736111  -70.87153   40.93677 -1.0 nan
 139420691  995939 10 24  15  47 296.6576389  -70.87273   40.93737 -1.0 nan
 139420691  995939 10 24  17  46 296.7402778  -70.86651    40.9366 -1.0 nan
 139420691  995939 10 24  21  47 296.9076389  -70.84853   40.92132 -1.0 nan
 139420691  995939 10 24  23  46 296.9902778  -70.85117    40.9148 -1.0 nan
 139420691  995939 10 25   1  47 297.0743056  -70.85952   40.91185 -1.0 nan
 139420691  995939 10 25   3  46 297.1569444  -70.86321   40.91419 -1.0 nan
 139420691  995939 10 25   5  47 297.2409722  -70.85842   40.91482 -1.0 nan
 139420691  995939 10 25   7  46 297.3236111  -70.84836   40.91219 -1.0 nan
 139420691  995939 10 25   9  47 297.4076389  -70.84312   40.90609 -1.0 nan
 139420691  995939 10 25  11  46 297.4902778  -70.84615   40.90066 -1.0 nan
 139420691  995939 10 25  13  47 297.5743056  -70.85237   40.89914 -1.0 nan
 139420691  995939 10 25  15  46 297.6569444  -70.85398   40.90271 -1.0 nan
 139420691  995939 10 25  17  47 297.7409722  -70.84499    40.9085 -1.0 nan
 139420691  995939 10 25  19  46 297.8236111  -70.82729    40.9095 -1.0 nan
 139420691  995939 10 25  21  47 297.9076389  -70.81199   40.90318 -1.0 nan
 139420691  995939 10 25  23  53 297.9951389  -70.80851   40.89162 -1.0 nan
 139420691  995939 10 26   1  47 298.0743056  -70.81555   40.87911 -1.0 nan
 139420691  995939 10 26   3  46 298.1569444   -70.8313    40.8714 -1.0 nan
 139420691  995939 10 26   5  54 298.2458333  -70.84763   40.87051 -1.0 nan
 139420691  995939 10 26   7  46 298.3236111  -70.85741   40.87363 -1.0 nan
 139420691  995939 10 26   9  46 298.4069444  -70.86106   40.87911 -1.0 nan
 139420691  995939 10 26  11  46 298.4902778  -70.86349   40.88442 -1.0 nan
 139420691  995939 10 26  13  46 298.5736111  -70.86467   40.88895 -1.0 nan
 139420691  995939 10 26  15  46 298.6569444  -70.86102    40.8966 -1.0 nan
 139420691  995939 10 26  17  47 298.7409722  -70.84844   40.90459 -1.0 nan
 139420691  995939 10 26  19  53 298.8284722  -70.82531   40.90603 -1.0 nan
 139420691  995939 10 26  21  47 298.9076389  -70.80272   40.90365 -1.0 nan
 139420691  995939 10 26  23  46 298.9902778  -70.78851   40.90065 -1.0 nan
 139420691  995939 10 27   1  46 299.0736111  -70.77954   40.89868 -1.0 nan
 139420691  995939 10 27   3  46 299.1569444   -70.7689   40.90163 -1.0 nan
 139420691  995939 10 27   5  46 299.2402778  -70.75238   40.90634 -1.0 nan
 139420691  995939 10 27   7  46 299.3236111  -70.73062   40.90967 -1.0 nan
 139420691  995939 10 27   9  53 299.4118056   -70.7076    40.9087 -1.0 nan
 139420691  995939 10 27  11  47 299.4909722  -70.69073   40.90252 -1.0 nan
 139420691  995939 10 27  13  46 299.5736111  -70.68208   40.89616 -1.0 nan
 139420691  995939 10 27  15  47 299.6576389  -70.67779   40.89255 -1.0 nan
 139420691  995939 10 27  17  46 299.7402778  -70.66979   40.89419 -1.0 nan
 139420691  995939 10 27  19  47 299.8243056  -70.65558   40.89542 -1.0 nan
 139420691  995939 10 27  21  46 299.9069444  -70.63951   40.89521 -1.0 nan
 139420691  995939 10 27  23  46 299.9902778  -70.62779    40.8905 -1.0 nan
 139420691  995939 10 28   1  46 300.0736111  -70.62777   40.87906 -1.0 nan
 139420691  995939 10 28   3  47 300.1576389  -70.63468   40.87216 -1.0 nan
 139420691  995939 10 28   5  46 300.2402778  -70.63992   40.87359 -1.0 nan
 139420691  995939 10 28   7  47 300.3243056  -70.63878   40.87915 -1.0 nan
 139420691  995939 10 28   9  46 300.4069444  -70.63183   40.88288 -1.0 nan
 139420691  995939 10 28  11  46 300.4902778  -70.62402     40.882 -1.0 nan
 139420691  995939 10 28  13  46 300.5736111  -70.62204   40.87951 -1.0 nan
 139420691  995939 10 28  15  46 300.6569444  -70.62136   40.87756 -1.0 nan
 139420691  995939 10 28  17  46 300.7402778  -70.61312   40.87882 -1.0 nan
 139420691  995939 10 28  19  46 300.8236111  -70.59814   40.88005 -1.0 nan
 139420691  995939 10 28  21  46 300.9069444  -70.58007   40.88084 -1.0 nan
 139420691  995939 10 28  23  47 300.9909722  -70.56424   40.87454 -1.0 nan
 139420691  995939 10 29   1  46 301.0736111  -70.56246   40.86087 -1.0 nan
 139420691  995939 10 29   3  46 301.1569444  -70.57724    40.8465 -1.0 nan
 139420691  995939 10 29   5  46 301.2402778  -70.59445   40.84096 -1.0 nan
 139420691  995939 10 29   7  47 301.3243056  -70.60715   40.84479 -1.0 nan
 139420691  995939 10 29   9  46 301.4069444  -70.60998   40.85128 -1.0 nan
 139420691  995939 10 29  11  46 301.4902778  -70.60666    40.8557 -1.0 nan
 139420691  995939 10 29  13  46 301.5736111    -70.604   40.85353 -1.0 nan
 139420691  995939 10 29  15  46 301.6569444  -70.60775   40.84833 -1.0 nan
 139420691  995939 10 29  17  46 301.7402778   -70.6146    40.8446 -1.0 nan
 139420691  995939 10 29  19  46 301.8236111  -70.61893   40.84276 -1.0 nan
 139420691  995939 10 29  21  46 301.9069444  -70.61842   40.84068 -1.0 nan
 139420691  995939 10 29  23  47 301.9909722  -70.61567   40.83655 -1.0 nan
 139420691  995939 10 30   1  46 302.0736111  -70.61919   40.82898 -1.0 nan
 139420691  995939 10 30   3  46 302.1569444  -70.63427   40.82051 -1.0 nan
 139420691  995939 10 30   5  46 302.2402778  -70.65421   40.81791 -1.0 nan
 139420691  995939 10 30   7  54 302.3291667  -70.66992   40.82371 -1.0 nan
 139420691  995939 10 30   9  53 302.4118056  -70.67275   40.83185 -1.0 nan
 139420691  995939 10 30  11  46 302.4902778  -70.66638    40.8359 -1.0 nan
 139420691  995939 10 30  13  46 302.5736111  -70.65953   40.83387 -1.0 nan
 139420691  995939 10 30  15  47 302.6576389  -70.66062   40.82788 -1.0 nan
 139420691  995939 10 30  17  46 302.7402778  -70.66395   40.82526 -1.0 nan
 139420691  995939 10 30  19  46 302.8236111  -70.66511   40.82844 -1.0 nan
 139420691  995939 10 30  21  46 302.9069444  -70.66264   40.83623 -1.0 nan
 139420691  995939 10 30  23  46 302.9902778  -70.65597   40.84264 -1.0 nan
 139420691  995939 10 31   1  46 303.0736111  -70.65002   40.84434 -1.0 nan
 139420691  995939 10 31   3  46 303.1569444  -70.65286    40.8424 -1.0 nan
 139420691  995939 10 31   5  46 303.2402778  -70.66404    40.8427 -1.0 nan
 139420691  995939 10 31   7  46 303.3236111  -70.67425   40.84948 -1.0 nan
 139420691  995939 10 31   9  46 303.4069444  -70.67449   40.85954 -1.0 nan
 139420691  995939 10 31  11  46 303.4902778  -70.66513   40.86727 -1.0 nan
 139420691  995939 10 31  13  46 303.5736111   -70.6535   40.86885 -1.0 nan
 139420691  995939 10 31  15  46 303.6569444  -70.65241   40.86658 -1.0 nan
 139420691  995939 10 31  17  47 303.7409722  -70.65792   40.86737 -1.0 nan
 139420691  995939 10 31  19  46 303.8236111  -70.66318    40.8741 -1.0 nan
 139420691  995939 10 31  21  46 303.9069444  -70.65777   40.88745 -1.0 nan
 139420691  995939 10 31  23  46 303.9902778  -70.64035   40.89652 -1.0 nan
 139420691  995939 11  1   1  47 304.0743056  -70.61943   40.90089 -1.0 nan
 139420691  995939 11  1   3  46 304.1569444   -70.6087   40.90219 -1.0 nan
 139420691  995939 11  1   7  47 304.3243056   -70.6144   40.91161 -1.0 nan
 139420691  995939 11  1   9  46 304.4069444  -70.60812    40.9251 -1.0 nan
 139420691  995939 11  1  11  47 304.4909722  -70.58799   40.93699 -1.0 nan
 139420691  995939 11  1  13  46 304.5736111  -70.56027   40.94557 -1.0 nan
 139420691  995939 11  1  17  47 304.7409722  -70.52609   40.94545 -1.0 nan
 139420691  995939 11  1  19  46 304.8236111  -70.52235   40.94198 -1.0 nan
 139420691  995939 11  1  21  47 304.9076389   -70.5143   40.94465 -1.0 nan
 139420691  995939 11  2   1  47 305.0743056  -70.46135   40.94629 -1.0 nan
 139420691  995939 11  2   3  46 305.1569444  -70.43959   40.93676 -1.0 nan
 139420691  995939 11  2   5  47 305.2409722  -70.43588   40.92183 -1.0 nan
 139420691  995939 11  2   7  46 305.3236111  -70.44603   40.91305 -1.0 nan
 139420691  995939 11  2  10   2 305.4180556  -70.45549   40.91613 -1.0 nan
 139420691  995939 11  2  11  46 305.4902778   -70.4483   40.92289 -1.0 nan
 139420691  995939 11  2  13  54 305.5791667  -70.43388    40.9172 -1.0 nan
 139420691  995939 11  2  15  46 305.6569444  -70.43174   40.90275 -1.0 nan
 139420691  995939 11  2  17  46 305.7402778  -70.44742   40.88809 -1.0 nan
 139420691  995939 11  2  19  54 305.8291667  -70.46901   40.88051 -1.0 nan
 139420691  995939 11  2  21  46 305.9069444  -70.48551   40.88282 -1.0 nan
 139420691  995939 11  2  23  47 305.9909722  -70.48615   40.88894 -1.0 nan
 139420691  995939 11  3   1  46 306.0736111  -70.47182   40.89013 -1.0 nan
 139420691  995939 11  3   3  46 306.1569444  -70.45731   40.88341 -1.0 nan
 139420691  995939 11  3   5  46 306.2402778  -70.45933   40.87148 -1.0 nan
 139420691  995939 11  3   7  47 306.3243056  -70.47403   40.85952 -1.0 nan
 139420691  995939 11  3   9  46 306.4069444   -70.4912   40.85584 -1.0 nan
 139420691  995939 11  3  13  47 306.5743056  -70.49401   40.86332 -1.0 nan
 139420691  995939 11  3  15  53 306.6618056  -70.49019   40.85328 -1.0 nan
 139420691  995939 11  3  17  47 306.7409722  -70.50431   40.83296 -1.0 nan
 139420691  995939 11  3  19  53 306.8284722   -70.5345   40.81817 -1.0 nan
 139420691  995939 11  3  21  54 306.9125000  -70.56831   40.81783 -1.0 nan
 139420691  995939 11  3  23  46 306.9902778  -70.59067   40.82771 -1.0 nan
 139420691  995939 11  4   1  46 307.0736111  -70.59346   40.83595 -1.0 nan
 139420691  995939 11  4   3  46 307.1569444  -70.58966   40.83741 -1.0 nan
 139420691  995939 11  4   9  54 307.4125000  -70.65099   40.82018 -1.0 nan
 139420691  995939 11  4  11  46 307.4902778  -70.67374   40.82661 -1.0 nan
 139420691  995939 11  4  13  54 307.5791667  -70.68464    40.8309 -1.0 nan
 139420691  995939 11  4  15  46 307.6569444  -70.69127   40.82945 -1.0 nan
 139420691  995939 11  4  17  54 307.7458333    -70.703    40.8189 -1.0 nan
 139420691  995939 11  4  19  46 307.8236111  -70.72755   40.80701 -1.0 nan
 139420691  995939 11  4  21  46 307.9069444   -70.7598   40.80331 -1.0 nan
 139420691  995939 11  4  23  46 307.9902778  -70.78828   40.80905 -1.0 nan
 139420691  995939 11  5   1  46 308.0736111  -70.80458   40.81741 -1.0 nan
 139420691  995939 11  5   3  46 308.1569444  -70.81179   40.82123 -1.0 nan
 139420691  995939 11  5   5  54 308.2458333  -70.81802   40.81864 -1.0 nan
 139420691  995939 11  5   7  46 308.3236111  -70.83207    40.8134 -1.0 nan
 139420691  995939 11  5   9  46 308.4069444  -70.85128   40.81272 -1.0 nan
 139420691  995939 11  5  11  46 308.4902778  -70.86896   40.81986 -1.0 nan
 139420691  995939 11  5  13  46 308.5736111  -70.87589    40.8293 -1.0 nan
 139420691  995939 11  5  15  47 308.6576389  -70.87426   40.83282 -1.0 nan
 139420691  995939 11  5  17  46 308.7402778  -70.87359   40.82859 -1.0 nan
 139420691  995939 11  5  19  46 308.8236111  -70.88235   40.81991 -1.0 nan
 139420691  995939 11  5  21  46 308.9069444  -70.90099   40.81587 -1.0 nan
 139420691  995939 11  5  23  47 308.9909722  -70.92161   40.82263 -1.0 nan
 139420691  995939 11  6   1  46 309.0736111  -70.93436   40.83486 -1.0 nan
 139420691  995939 11  6   3  46 309.1569444  -70.93743   40.84375 -1.0 nan
 139420691  995939 11  6   5  46 309.2402778  -70.93496   40.84631 -1.0 nan
 139420691  995939 11  6   7  46 309.3236111  -70.93773   40.84464 -1.0 nan
 139420691  995939 11  6   9  46 309.4069444  -70.94706   40.84434 -1.0 nan
 139420691  995939 11  6  11  47 309.4909722  -70.95741   40.85039 -1.0 nan
 139420691  995939 11  6  13  46 309.5736111  -70.96099   40.86192 -1.0 nan
 139420691  995939 11  6  15  47 309.6576389  -70.95541   40.87038 -1.0 nan
 139420691  995939 11  6  17  46 309.7402778  -70.94614   40.87541 -1.0 nan
 139420691  995939 11  6  19  53 309.8284722  -70.94539   40.87887 -1.0 nan
 139420691  995939 11  6  21  46 309.9069444  -70.95208   40.88225 -1.0 nan
 139420691  995939 11  6  23  46 309.9902778  -70.96891   40.88918 -1.0 nan
 139420691  995939 11  7   1  53 310.0784722  -70.98964   40.90564 -1.0 nan
 139420691  995939 11  7   3  54 310.1625000  -70.99193   40.92103 -1.0 nan
 139420691  995939 11  7   5  46 310.2402778  -70.98217    40.9268 -1.0 nan
 139420691  995939 11  7   7  47 310.3243056  -70.97511   40.92754 -1.0 nan
 139420691  995939 11  7   9  46 310.4069444  -70.97406   40.92751 -1.0 nan
 139420691  995939 11  7  11  46 310.4902778  -70.97423   40.93428 -1.0 nan
 139420691  995939 11  7  13  46 310.5736111  -70.96633   40.94976 -1.0 nan
 139420691  995939 11  7  15  53 310.6618056  -70.95213   40.96366 -1.0 nan
 139420691  995939 11  7  17  46 310.7402778  -70.92526   40.97314 -1.0 nan
 139420691  995939 11  7  19  46 310.8236111  -70.89816   40.96918 -1.0 nan
 139420691  995939 11  7  21  46 310.9069444  -70.88039   40.95858 -1.0 nan
 139420691  995939 11  7  23  47 310.9909722  -70.87713    40.9446 -1.0 nan
 139420691  995939 11  8   1  46 311.0736111  -70.88093   40.93574 -1.0 nan
 139420691  995939 11  8   5  47 311.2409722  -70.87462   40.91921 -1.0 nan
 139420691  995939 11  8   7  46 311.3236111  -70.86087   40.90718 -1.0 nan
 139420691  995939 11  8   9  54 311.4125000  -70.85218   40.89247 -1.0 nan
 139420691  995939 11  8  11  46 311.4902778  -70.85027   40.88041 -1.0 nan
 139420691  995939 11  8  13  53 311.5784722  -70.85048   40.87624 -1.0 nan
 139420691  995939 11  8  15  46 311.6569444  -70.83924   40.87845 -1.0 nan
 139420691  995939 11  8  19  47 311.8243056   -70.7904   40.86686 -1.0 nan
 139420691  995939 11  8  21  46 311.9069444  -70.77296   40.85226 -1.0 nan
 139420691  995939 11  8  23  46 311.9902778  -70.76549   40.83309 -1.0 nan
 139420691  995939 11  9   1  46 312.0736111  -70.76133   40.81594 -1.0 nan
 139420691  995939 11  9   3  47 312.1576389  -70.75272   40.80598 -1.0 nan
 139420691  995939 11  9   5  46 312.2402778  -70.73777    40.8005 -1.0 nan
 139420691  995939 11  9   7  47 312.3243056  -70.71935   40.78972 -1.0 nan
 139420691  995939 11  9   9  46 312.4069444  -70.70515   40.77394 -1.0 nan
 139420691  995939 11  9  13  53 312.5784722  -70.70172   40.73929 -1.0 nan
 139420691  995939 11  9  15  53 312.6618056  -70.70195   40.73133 -1.0 nan
 139420691  995939 11  9  17  46 312.7402778   -70.6903   40.72691 -1.0 nan
 139420691  995939 11  9  19  47 312.8243056  -70.67067   40.71968 -1.0 nan
 139420691  995939 11  9  21  53 312.9118056  -70.65442   40.70765 -1.0 nan
 139420691  995939 11  9  23  47 312.9909722   -70.6514   40.69155 -1.0 nan
 139420691  995939 11 10   1  46 313.0736111  -70.65801    40.6788 -1.0 nan
 139420691  995939 11 10   3  47 313.1576389  -70.66558   40.67787 -1.0 nan
 139420691  995939 11 10   5  46 313.2402778   -70.6615   40.68239 -1.0 nan
 139420691  995939 11 10   7  54 313.3291667  -70.64483   40.68318 -1.0 nan
 139420691  995939 11 10   9  46 313.4069444  -70.62325   40.67883 -1.0 nan
 139420691  995939 11 10  12   2 313.5013889  -70.60971    40.6715 -1.0 nan
 139420691  995939 11 10  13  46 313.5736111  -70.60123    40.6642 -1.0 nan
 139420691  995939 11 10  17  55 313.7465278  -70.58593   40.67532 -1.0 nan
 139420691  995939 11 10  19  47 313.8243056   -70.5707   40.68157 -1.0 nan
 139420691  995939 11 11   7  47 314.3243056  -70.52928    40.6302 -1.0 nan
 139420691  995939 11 11   9  47 314.4076389  -70.50765   40.62361 -1.0 nan
 139420691  995939 11 11  11  46 314.4902778  -70.48465   40.60826 -1.0 nan
 139420691  995939 11 11  13  54 314.5791667  -70.47283   40.58786 -1.0 nan
 139420691  995939 11 11  16   2 314.6680556  -70.46927   40.56992 -1.0 nan
 139420691  995939 11 11  23  54 314.9958333  -70.45804   40.55864 -1.0 nan
 139420691  995939 11 12   3  47 315.1576389  -70.45519   40.55871 -1.0 nan
 139420691  995939 11 12   5  47 315.2409722  -70.45579   40.56439 -1.0 nan
 139420691  995939 11 12   7  47 315.3243056   -70.4457   40.57398 -1.0 nan
 139420691  995939 11 12   9  47 315.4076389  -70.42247   40.58278 -1.0 nan
 139420691  995939 11 12  11  46 315.4902778  -70.39131   40.58107 -1.0 nan
 139420691  995939 11 12  13  53 315.5784722  -70.37346   40.56521 -1.0 nan
 139420691  995939 11 12  15  47 315.6576389  -70.37359   40.54408 -1.0 nan
 139420691  995939 11 12  17  47 315.7409722  -70.38824   40.53053 -1.0 nan
 139420691  995939 11 12  20   3 315.8354167  -70.40343   40.52663 -1.0 nan
 139420691  995939 11 12  22   2 315.9180556  -70.41105   40.52653 -1.0 nan
 139420691  995939 11 13   3  47 316.1576389  -70.44019   40.50365 -1.0 nan
 139420691  995939 11 13   5  46 316.2402778  -70.46073   40.49911 -1.0 nan
 139420691  995939 11 13   9  47 316.4076389  -70.48289   40.50608 -1.0 nan
 139420691  995939 11 13  12   2 316.5013889  -70.48478   40.50304 -1.0 nan
 139420691  995939 11 13  13  46 316.5736111  -70.48888   40.49237 -1.0 nan
 139420691  995939 11 13  15  47 316.6576389  -70.50216   40.47952 -1.0 nan
 139420691  995939 11 13  17  46 316.7402778  -70.52338   40.47207 -1.0 nan
 139420691  995939 11 13  19  54 316.8291667  -70.54645   40.47325 -1.0 nan
 139420691  995939 11 13  21  46 316.9069444  -70.55902   40.47853 -1.0 nan
 139420691  995939 11 14   1  53 317.0784722  -70.56398    40.4808 -1.0 nan
 139420691  995939 11 14   3  46 317.1569444    -70.572   40.47508 -1.0 nan
 139420691  995939 11 14   5  54 317.2458333  -70.58329   40.47134 -1.0 nan
 139420691  995939 11 14   7  47 317.3243056  -70.59411   40.47518 -1.0 nan
 139420691  995939 11 14   9  46 317.4069444  -70.59477   40.48227 -1.0 nan
 139420691  995939 11 14  11  46 317.4902778  -70.58535   40.49119 -1.0 nan
 139420691  995939 11 14  13  47 317.5743056  -70.56647   40.49304 -1.0 nan
 139420691  995939 11 14  15  47 317.6576389   -70.5493   40.48593 -1.0 nan
 139420691  995939 11 14  17  47 317.7409722  -70.53757   40.47559 -1.0 nan
 139420691  995939 11 14  19  46 317.8236111  -70.52887   40.46928 -1.0 nan
 139420691  995939 11 14  21  47 317.9076389  -70.51694   40.46474 -1.0 nan
 139420691  995939 11 14  23  46 317.9902778  -70.50149   40.45982 -1.0 nan
 139420691  995939 11 15   1  47 318.0743056  -70.48506    40.4526 -1.0 nan
 139420691  995939 11 15   3  53 318.1618056   -70.4759   40.44147 -1.0 nan
 139420691  995939 11 15   7  47 318.3243056  -70.48888   40.42221 -1.0 nan
 139420691  995939 11 15   9  46 318.4069444  -70.49725   40.42321 -1.0 nan
 139420691  995939 11 15  11  53 318.4951389  -70.50068   40.42551 -1.0 nan
 139420691  995939 11 15  13  46 318.5736111  -70.49731   40.42391 -1.0 nan
 139420691  995939 11 15  15  47 318.6576389    -70.498   40.41688 -1.0 nan
 139420691  995939 11 15  17  53 318.7451389  -70.51001   40.40424 -1.0 nan
 139420691  995939 11 15  19  54 318.8291667  -70.53284   40.40298 -1.0 nan
 139420691  995939 11 15  21  46 318.9069444  -70.55325   40.41056 -1.0 nan
 139420691  995939 11 15  23  53 318.9951389  -70.56379   40.42154 -1.0 nan
 139420691  995939 11 16   1  53 319.0784722  -70.56608   40.42796 -1.0 nan
 139420691  995939 11 16   3  47 319.1576389  -70.56808   40.42713 -1.0 nan
 139420691  995939 11 16   5  46 319.2402778  -70.57612   40.42313 -1.0 nan
 139420691  995939 11 16   7  47 319.3243056  -70.59087   40.42085 -1.0 nan
 139420691  995939 11 16   9  53 319.4118056  -70.60494   40.42751 -1.0 nan
 139420691  995939 11 16  11  54 319.4958333  -70.61159   40.43679 -1.0 nan
 139420691  995939 11 16  13  46 319.5736111  -70.61138   40.44206 -1.0 nan
 139420691  995939 11 16  15  46 319.6569444  -70.61089   40.44032 -1.0 nan
 139420691  995939 11 16  17  46 319.7402778  -70.61857    40.4345 -1.0 nan
 139420691  995939 11 16  19  53 319.8284722  -70.63466   40.42944 -1.0 nan
 139420691  995939 11 16  21  46 319.9069444  -70.65215    40.4368 -1.0 nan
 139420691  995939 11 16  23  47 319.9909722  -70.66157   40.45156 -1.0 nan
 139420691  995939 11 17   1  46 320.0736111  -70.66281   40.46169 -1.0 nan
 139420691  995939 11 17   3  47 320.1576389  -70.66286   40.46398 -1.0 nan
 139420691  995939 11 17   5  46 320.2402778  -70.67193   40.46177 -1.0 nan
 139420691  995939 11 17   7  46 320.3236111  -70.68815   40.46013 -1.0 nan
 139420691  995939 11 17   9  46 320.4069444  -70.70491    40.4653 -1.0 nan
 139420691  995939 11 17  11  46 320.4902778  -70.72006    40.4764 -1.0 nan
 139420691  995939 11 17  13  46 320.5736111   -70.7248   40.48804 -1.0 nan
 139420691  995939 11 17  15  47 320.6576389  -70.72502   40.49672 -1.0 nan
 139420691  995939 11 17  17  53 320.7451389   -70.7303   40.49844 -1.0 nan
 139420691  995939 11 17  19  47 320.8243056  -70.74324   40.50118 -1.0 nan
 139420691  995939 11 17  21  46 320.9069444  -70.75673   40.51085 -1.0 nan
 139420691  995939 11 17  23  46 320.9902778  -70.76319   40.52665 -1.0 nan
 139420691  995939 11 18   1  46 321.0736111  -70.75723   40.53999 -1.0 nan
 139420691  995939 11 18   3  46 321.1569444  -70.74405   40.54758 -1.0 nan
 139420691  995939 11 18   5  47 321.2409722  -70.73206   40.55254 -1.0 nan
 139420691  995939 11 18   7  46 321.3236111  -70.72635    40.5571 -1.0 nan
 139420691  995939 11 18   9  47 321.4076389  -70.72208   40.56699 -1.0 nan
 139420691  995939 11 18  11  46 321.4902778  -70.71178   40.58612 -1.0 nan
 139420691  995939 11 18  15  54 321.6625000  -70.65708   40.60894 -1.0 nan
 139420691  995939 11 18  17  46 321.7402778  -70.63455   40.60481 -1.0 nan
 139420691  995939 11 18  19  47 321.8243056  -70.62771   40.59493 -1.0 nan
 139420691  995939 11 18  21  46 321.9069444  -70.63282   40.58558 -1.0 nan
 139420691  995939 11 18  23  47 321.9909722  -70.64322   40.58679 -1.0 nan
 139420691  995939 11 19   1  46 322.0736111  -70.64492   40.59166 -1.0 nan
 139420691  995939 11 19   3  46 322.1569444  -70.63417   40.58917 -1.0 nan
 139420691  995939 11 19   7  47 322.3243056   -70.6028   40.56064 -1.0 nan
 139420691  995939 11 19   9  46 322.4069444  -70.59696   40.55461 -1.0 nan
 139420691  995939 11 19  11  47 322.4909722  -70.59477   40.55253 -1.0 nan
 139420691  995939 11 19  13  47 322.5743056  -70.59082   40.54812 -1.0 nan
 139420691  995939 11 19  15  53 322.6618056  -70.57906   40.54156 -1.0 nan
 139420691  995939 11 19  21  54 322.9125000  -70.59127   40.50827 -1.0 nan
 139420691  995939 11 19  23  46 322.9902778  -70.61074   40.50562 -1.0 nan
 139420691  995939 11 20   1  47 323.0743056  -70.62668   40.50693 -1.0 nan
 139420691  995939 11 20   3  47 323.1576389  -70.63848   40.50711 -1.0 nan
 139420691  995939 11 20   5  46 323.2402778  -70.64717   40.50553 -1.0 nan
 139420691  995939 11 20   7  47 323.3243056  -70.65953   40.50109 -1.0 nan
 139420691  995939 11 20   9  53 323.4118056  -70.67584   40.49574 -1.0 nan
 139420691  995939 11 20  11  47 323.4909722  -70.69082   40.49308 -1.0 nan
 139420691  995939 11 20  13  47 323.5743056  -70.70088   40.49076 -1.0 nan
 139420691  995939 11 20  15  46 323.6569444  -70.71028    40.4878 -1.0 nan
 139420691  995939 11 20  17  46 323.7402778  -70.72178    40.4845 -1.0 nan
 139420691  995939 11 20  19  46 323.8236111   -70.7362   40.48073 -1.0 nan
 139420691  995939 11 20  21  47 323.9076389  -70.75557   40.47928 -1.0 nan
 139420691  995939 11 20  23  46 323.9902778  -70.77351    40.4823 -1.0 nan
 139420691  995939 11 21   1  54 324.0791667  -70.78742   40.48711 -1.0 nan
 139420691  995939 11 21   3  54 324.1625000  -70.79776   40.49202 -1.0 nan
 139420691  995939 11 21   5  46 324.2402778  -70.80495   40.49467 -1.0 nan
 139420691  995939 11 21  11  46 324.4902778  -70.83651   40.49638 -1.0 nan
 139420691  995939 11 21  13  46 324.5736111  -70.84892   40.50427 -1.0 nan
 139420691  995939 11 21  15  46 324.6569444  -70.85503   40.51321 -1.0 nan
 139420691  995939 11 21  17  46 324.7402778  -70.84894   40.51895 -1.0 nan
 139420691  995939 11 21  19  47 324.8243056  -70.84027   40.51852 -1.0 nan
 139420691  995939 11 21  21  53 324.9118056  -70.84347   40.50953 -1.0 nan
 139420691  995939 11 21  23  47 324.9909722  -70.85499   40.50237 -1.0 nan
 139420691  995939 11 22   1  46 325.0736111  -70.86413   40.49879 -1.0 nan
 139420691  995939 11 22   3  46 325.1569444  -70.86756   40.50058 -1.0 nan
 139420691  995939 11 22   5  46 325.2402778  -70.86673   40.50436 -1.0 nan
 139420691  995939 11 22   7  46 325.3236111  -70.86617   40.51241 -1.0 nan
 139420691  995939 11 22   9  47 325.4076389  -70.87138   40.51869 -1.0 nan
 139420691  995939 11 22  11  46 325.4902778  -70.87632   40.52533 -1.0 nan
 139420691  995939 11 22  14   2 325.5847222  -70.87728   40.53519 -1.0 nan
 139420691  995939 11 22  15  46 325.6569444  -70.87078   40.54859 -1.0 nan
 139420691  995939 11 22  18   2 325.7513889  -70.85409   40.55941 -1.0 nan
 139420691  995939 11 22  19  46 325.8236111  -70.83435   40.56276 -1.0 nan
 139420691  995939 11 22  21  54 325.9125000   -70.8178   40.55591 -1.0 nan
 139420691  995939 11 22  23  46 325.9902778  -70.81044   40.54341 -1.0 nan
 139420691  995939 11 23   1  47 326.0743056   -70.8069   40.54664 -1.0 nan
 139420691  995939 11 23   3  47 326.1576389  -70.80422      40.56 -1.0 nan
 139420691  995939 11 23   5  47 326.2409722  -70.79686   40.57506 -1.0 nan
 139420692  996030  9 21   1  42 263.0708333  -70.12777   42.10283 -1.0 nan
 139420692  996030  9 21   7  33 263.3145833  -70.12987   42.08601 -1.0 nan
 139420692  996030  9 21  13  33 263.5645833  -70.17448   42.09656 -1.0 nan
 139420692  996030  9 21  19  33 263.8145833  -70.07698   42.08382 -1.0 nan
 139420692  996030  9 22   1  33 264.0645833   -70.0149    42.0596 -1.0 nan
 139420692  996030  9 22   7  33 264.3145833  -70.03243   42.09595 -1.0 nan
 139420692  996030  9 22  13  33 264.5645833  -69.97183   42.10558 -1.0 nan
 139420692  996030  9 22  19  33 264.8145833  -69.98415   42.06494 -1.0 nan
 139420692  996030  9 23   1  33 265.0645833  -69.97353   42.03834 -1.0 nan
 139420692  996030  9 23   7  33 265.3145833  -69.94978   41.98205 -1.0 nan
 139420692  996030  9 23  13  33 265.5645833  -69.90847   41.84709 -1.0 nan
 139420692  996030  9 23  19  33 265.8145833  -69.91016   41.74016 -1.0 nan
 139420692  996030  9 24   1  33 266.0645833  -69.88757   41.71753 -1.0 nan
 139420692  996030  9 24   7  33 266.3145833  -69.88598   41.64855 -1.0 nan
 139420692  996030  9 24  13  33 266.5645833  -69.86336   41.62886 -1.0 nan
 139420692  996030  9 24  19  33 266.8145833  -69.85946   41.59584 -1.0 nan
 139420692  996030  9 25   1  33 267.0645833  -69.88422    41.5666 -1.0 nan
 139420692  996030  9 25   7  33 267.3145833  -69.86845   41.58594 -1.0 nan
 139420692  996030  9 25  13  33 267.5645833  -69.90901   41.53582 -1.0 nan
 139420692  996030  9 25  19  42 267.8208333  -69.87587   41.57457 -1.0 nan
 139420692  996030  9 26   1  33 268.0645833  -69.96141   41.52102 -1.0 nan
 139420692  996030  9 26   7  33 268.3145833  -69.85622   41.54643 -1.0 nan
 139420692  996030  9 26  13  33 268.5645833  -69.91967   41.44242 -1.0 nan
 139420692  996030  9 26  19  33 268.8145833  -69.85109   41.48616 -1.0 nan
 139420692  996030  9 27   1  33 269.0645833   -69.9339   41.39141 -1.0 nan
 139420692  996030  9 27   7  33 269.3145833  -69.86656   41.42544 -1.0 nan
 139420692  996030  9 27  13  33 269.5645833  -69.89886   41.34882 -1.0 nan
 139420692  996030  9 27  19  34 269.8152778  -69.88081   41.39287 -1.0 nan
 139420692  996030  9 28   1  33 270.0645833  -69.88504    41.3244 -1.0 nan
 139420692  996030  9 28   7  33 270.3145833  -69.86566   41.37854 -1.0 nan
 139420692  996030  9 28  13  33 270.5645833   -69.8336   41.31453 -1.0 nan
 139420692  996030  9 28  19  33 270.8145833     -69.84   41.32935 -1.0 nan
 139420692  996030  9 29   1  33 271.0645833  -69.83774   41.29318 -1.0 nan
 139420692  996030  9 29   7  33 271.3145833  -69.85521   41.32258 -1.0 nan
 139420692  996030  9 29  13  33 271.5645833  -69.83517   41.30443 -1.0 nan
 139420692  996030  9 29  19  33 271.8145833  -69.87021   41.30333 -1.0 nan
 139420692  996030  9 30   1  33 272.0645833  -69.84948   41.27678 -1.0 nan
 139420692  996030  9 30   7  33 272.3145833  -69.90641   41.28359 -1.0 nan
 139420692  996030  9 30  13  42 272.5708333  -69.83564   41.28143 -1.0 nan
 139420692  996030  9 30  19  33 272.8145833  -69.89188   41.22831 -1.0 nan
 139420692  996030 10  1   1  33 273.0645833  -69.80775    41.2241 -1.0 nan
 139420692  996030 10  1   7  33 273.3145833  -69.91714   41.13688 -1.0 nan
 139420692  996030 10  1  13  33 273.5645833   -69.7868   41.20281 -1.0 nan
 139420692  996030 10  1  19  33 273.8145833  -69.88122   41.13742 -1.0 nan
 139420692  996030 10  2   1  33 274.0645833  -69.75689   41.21302 -1.0 nan
 139420692  996030 10  2   7  33 274.3145833  -69.85886   41.08766 -1.0 nan
 139420692  996030 10  2  13  33 274.5645833  -69.75363   41.13756 -1.0 nan
 139420692  996030 10  2  19  33 274.8145833  -69.82326   41.03189 -1.0 nan
 139420692  996030 10  3   1  33 275.0645833  -69.72157   41.10867 -1.0 nan
 139420692  996030 10  3   7  33 275.3145833  -69.83641   40.97204 -1.0 nan
 139420692  996030 10  3  13  33 275.5645833  -69.75221   41.01937 -1.0 nan
 139420692  996030 10  3  19  51 275.8270833  -69.80148   40.94378 -1.0 nan
 139420692  996030 10  4   1  33 276.0645833  -69.76101   40.99961 -1.0 nan
 139420692  996030 10  4   7  33 276.3145833  -69.80101   40.94673 -1.0 nan
 139420692  996030 10  4  13  33 276.5645833  -69.75899   41.00058 -1.0 nan
 139420692  996030 10  4  19  33 276.8145833  -69.76455   40.97716 -1.0 nan
 139420692  996030 10  5   1  33 277.0645833  -69.78095   40.98309 -1.0 nan
 139420692  996030 10  5   7  33 277.3145833  -69.78758   40.95882 -1.0 nan
 139420692  996030 10  5  13  33 277.5645833  -69.82208   40.96031 -1.0 nan
 139420692  996030 10  5  19  33 277.8145833  -69.83933   40.90936 -1.0 nan
 139420692  996030 10  6   1  33 278.0645833  -69.89233   40.94048 -1.0 nan
 139420692  996030 10  6   7  33 278.3145833  -69.80086   40.88993 -1.0 nan
 139420692  996030 10  6  13  33 278.5645833  -69.84073   40.90413 -1.0 nan
 139420692  996030 10  6  19  42 278.8208333   -69.7741   40.89644 -1.0 nan
 139420692  996030 10  7   1  33 279.0645833  -69.85373   40.89848 -1.0 nan
 139420692  996030 10  7   7  33 279.3145833  -69.75567   40.92199 -1.0 nan
 139420692  996030 10  7  13  33 279.5645833   -69.8348   40.90767 -1.0 nan
 139420692  996030 10  8   1  33 280.0645833  -69.85086   40.90295 -1.0 nan
 139420692  996030 10  8   7  43 280.3215278   -69.7132    40.9578 -1.0 nan
 139420692  996030 10  8  19  34 280.8152778  -69.69715   40.93129 -1.0 nan
 139420692  996030 10  9   7  34 281.3152778  -69.71608   40.91798 -1.0 nan
 139420692  996030 10  9  13  34 281.5652778  -69.83223   40.84435 -1.0 nan
 139420692  996030 10  9  19  52 281.8277778  -69.76146   40.89554 -1.0 nan
 139420692  996030 10 10   1  34 282.0652778  -69.89439   40.82411 -1.0 nan
 139420692  996030 10 10   7  33 282.3145833   -69.7912   40.89226 -1.0 nan
 139420692  996030 10 10  19  34 282.8152778  -69.76919   40.89391 -1.0 nan
 139420692  996030 10 11   1  34 283.0652778  -69.87158   40.81092 -1.0 nan
 139420692  996030 10 11   7  33 283.3145833  -69.82478   40.87558 -1.0 nan
 139420692  996030 10 11  13  33 283.5645833  -69.82884   40.82081 -1.0 nan
 139420692  996030 10 12   1  34 284.0652778  -69.93291   40.77127 -1.0 nan
 139420692  996030 10 12   7  34 284.3152778  -70.02374   40.82572 -1.0 nan
 139420692  996030 10 12  13  34 284.5652778  -70.00329   40.75579 -1.0 nan
 139420692  996030 10 12  19  34 284.8152778   -70.0882   40.78258 -1.0 nan
 139420692  996030 10 13   1  33 285.0645833  -70.13193   40.76515 -1.0 nan
 139420692  996030 10 13  13  43 285.5715278  -70.21915   40.81989 -1.0 nan
 139420692  996030 10 13  19  34 285.8152778  -70.28145   40.82429 -1.0 nan
 139420692  996030 10 14   7  34 286.3152778  -70.32964   40.80578 -1.0 nan
 139420692  996030 10 14  13  33 286.5645833  -70.29591   40.80085 -1.0 nan
 139420692  996030 10 14  19  43 286.8215278  -70.34754   40.77698 -1.0 nan
 139420692  996030 10 15   1  34 287.0652778  -70.33462   40.79063 -1.0 nan
 139420692  996030 10 15   7  34 287.3152778  -70.39758   40.79043 -1.0 nan
 139420692  996030 10 15  13  33 287.5645833  -70.38172   40.81815 -1.0 nan
 139420692  996030 10 16   7  34 288.3152778   -70.4536   40.85496 -1.0 nan
 139420692  996030 10 16  19  34 288.8152778  -70.47025   40.86812 -1.0 nan
 139420692  996030 10 17   1  33 289.0645833  -70.45032    40.8933 -1.0 nan
 139420692  996030 10 17   7  43 289.3215278   -70.4606   40.87935 -1.0 nan
 139420692  996030 10 17  13  33 289.5645833  -70.42247   40.90066 -1.0 nan
 139420692  996030 10 17  19  33 289.8145833  -70.40712   40.86812 -1.0 nan
 139420692  996030 10 18   1  33 290.0645833  -70.38496    40.8874 -1.0 nan
 139420692  996030 10 18   7  33 290.3145833  -70.37447   40.85815 -1.0 nan
 139420692  996030 10 18  13  34 290.5652778  -70.34344   40.88711 -1.0 nan
 139420692  996030 10 19   1  52 291.0777778  -70.31252   40.84143 -1.0 nan
 139420692  996030 10 19   7  34 291.3152778  -70.27771   40.81209 -1.0 nan
 139420692  996030 10 19  13  33 291.5645833  -70.29748   40.82227 -1.0 nan
 139420692  996030 10 19  19  33 291.8145833   -70.2728   40.80374 -1.0 nan
 139420692  996030 10 20   1  33 292.0645833   -70.3208   40.83451 -1.0 nan
 139420692  996030 10 20   7  33 292.3145833  -70.28434   40.83434 -1.0 nan
 139420692  996030 10 20  19  34 292.8152778  -70.25776   40.81414 -1.0 nan
 139420692  996030 10 21   7  33 293.3145833  -70.24441   40.82877 -1.0 nan
 139420692  996030 10 21  13  34 293.5652778  -70.28136   40.84037 -1.0 nan
 139420692  996030 10 21  19  34 293.8152778  -70.23018   40.83448 -1.0 nan
 139420692  996030 10 22   1  33 294.0645833  -70.28299   40.84783 -1.0 nan
 139420692  996030 10 22   7  33 294.3145833  -70.25158   40.87714 -1.0 nan
 139420692  996030 10 22  13  34 294.5652778  -70.29059   40.87585 -1.0 nan
 139420692  996030 10 22  19  34 294.8152778  -70.26928   40.88915 -1.0 nan
 139420692  996030 10 23   1  33 295.0645833  -70.32344   40.89184 -1.0 nan
 139420692  996030 10 23  19  34 295.8152778  -70.30574   40.94486 -1.0 nan
 139420692  996030 10 24   1  34 296.0652778   -70.3708   40.93199 -1.0 nan
 139420692  996030 10 24  19  43 296.8215278  -70.30359   40.93759 -1.0 nan
 139420692  996030 10 25   7  52 297.3277778  -70.24982   40.92477 -1.0 nan
 139420692  996030 10 25  13  34 297.5652778  -70.23284    40.8786 -1.0 nan
 139420692  996030 10 27   1  34 299.0652778  -70.13689    40.8221 -1.0 nan
 139420692  996030 10 28   7  43 300.3215278  -70.13101   40.70242 -1.0 nan
 139420692  996030 10 28  13  34 300.5652778  -70.10511    40.7104 -1.0 nan
 139420692  996030 10 29  13  43 301.5715278  -70.15611   40.66431 -1.0 nan
 139420692  996030 10 29  19  42 301.8208333  -70.18553   40.61835 -1.0 nan
 139420692  996030 10 30   1  33 302.0645833    -70.216   40.60517 -1.0 nan
 139420692  996030 10 30   7  33 302.3145833  -70.27269    40.6178 -1.0 nan
 139420692  996030 10 30  13  33 302.5645833  -70.24353    40.6288 -1.0 nan
 139420692  996030 10 30  19  33 302.8145833  -70.26561   40.59977 -1.0 nan
 139420692  996030 10 31   1  33 303.0645833  -70.27018   40.59535 -1.0 nan
 139420692  996030 10 31   7  33 303.3145833  -70.33861   40.56595 -1.0 nan
 139420692  996030 10 31  13  33 303.5645833   -70.4059   40.56124 -1.0 nan
 139420692  996030 10 31  19  34 303.8152778  -70.49965   40.52821 -1.0 nan
 139420692  996030 11  3   1  34 306.0652778  -70.32322   40.48174 -1.0 nan
 139420692  996030 11  3   7  34 306.3152778  -70.32335   40.47771 -1.0 nan
 139420692  996030 11  5   1  43 308.0715278  -70.78321   40.46837 -1.0 nan
 139420692  996030 11  5   7  33 308.3145833  -70.84752   40.46008 -1.0 nan
 139420692  996030 11  5  13  33 308.5645833  -70.93479   40.45004 -1.0 nan
 139420692  996030 11  5  19  34 308.8152778  -70.97768   40.42112 -1.0 nan
 139420692  996030 11  6   1  34 309.0652778  -71.04098   40.41076 -1.0 nan
 139420692  996030 11  6   7  42 309.3208333  -71.10898   40.39859 -1.0 nan
 139420692  996030 11  6  13  34 309.5652778  -71.15413   40.40574 -1.0 nan
 139420692  996030 11  6  19  34 309.8152778  -71.17492   40.38282 -1.0 nan
 139420692  996030 11  7   7  34 310.3152778  -71.22616   40.37794 -1.0 nan
 139420692  996030 11  9  19  34 312.8152778  -71.46947   40.15113 -1.0 nan
 139420692  996030 11 14   7  43 317.3215278  -71.22367   39.76178 -1.0 nan
 139420692  996030 11 16  13  34 319.5652778  -70.57982    39.6163 -1.0 nan
 139420692  996030 11 16  19  42 319.8208333  -70.58466   39.59269 -1.0 nan
 139420692  996030 11 17   1  33 320.0645833  -70.57248   39.61335 -1.0 nan
 139420692  996030 11 17   7  34 320.3152778  -70.55229   39.58689 -1.0 nan
 139420692  996030 11 17  13  34 320.5652778  -70.53402   39.57471 -1.0 nan
 139420692  996030 11 17  19  33 320.8145833  -70.57612   39.58605 -1.0 nan
 139420692  996030 11 18   1  43 321.0715278   -70.5637   39.59406 -1.0 nan
 139420692  996030 11 18  13  34 321.5652778  -70.51868   39.61635 -1.0 nan
 139420692  996030 11 18  19  43 321.8215278  -70.45523   39.58475 -1.0 nan
 139420692  996030 11 19   1  34 322.0652778  -70.45815   39.54036 -1.0 nan
 139420692  996030 11 19   7  43 322.3215278  -70.43573   39.51643 -1.0 nan
 139420692  996030 11 20   1  34 323.0652778    -70.407   39.40366 -1.0 nan
 139420692  996030 11 20   7  34 323.3152778  -70.41699   39.36771 -1.0 nan
 139420692  996030 11 20  13  43 323.5715278  -70.43008   39.36604 -1.0 nan
 139420692  996030 11 20  19  43 323.8215278  -70.43978   39.33071 -1.0 nan
 139420692  996030 11 21  19  34 324.8152778  -70.55377   39.18366 -1.0 nan
 139420692  996030 11 22   1  33 325.0645833  -70.56149   39.14414 -1.0 nan
 139420692  996030 11 22   7  33 325.3145833  -70.56604   39.09683 -1.0 nan
 139420692  996030 11 22  13  43 325.5715278  -70.60059      39.05 -1.0 nan
 139420692  996030 11 23   1  34 326.0652778  -70.55323   38.98914 -1.0 nan
 139420692  996030 11 23   7  34 326.3152778  -70.55301   38.94584 -1.0 nan
 139420692  996030 11 23  13  34 326.5652778  -70.57278   38.89885 -1.0 nan
 139420692  996030 11 23  19  33 326.8145833  -70.59052   38.82477 -1.0 nan
 139420692  996030 11 24   7  34 327.3152778  -70.57256   38.73009 -1.0 nan
 139420692  996030 11 24  13  43 327.5715278  -70.55132   38.62974 -1.0 nan
 139420692  996030 11 24  19  34 327.8152778   -70.5498   38.57195 -1.0 nan
 139420692  996030 11 25  13  33 328.5645833  -70.56209   38.42997 -1.0 nan
 139420692  996030 11 25  19  33 328.8145833  -70.52297   38.40728 -1.0 nan
 139420692  996030 11 26   1  33 329.0645833  -70.52733   38.35018 -1.0 nan
 139420692  996030 11 26   7  33 329.3145833  -70.54486   38.34913 -1.0 nan
 139420692  996030 11 26  13  43 329.5715278  -70.51096   38.33187 -1.0 nan
 139420692  996030 11 26  19  34 329.8152778  -70.50027   38.29389 -1.0 nan
 139420692  996030 11 27   1  34 330.0652778  -70.50525   38.28987 -1.0 nan
 139420692  996030 11 27   7  34 330.3152778  -70.47562   38.31247 -1.0 nan
 139420692  996030 11 29  13  33 332.5645833   -69.8925   38.09988 -1.0 nan
 139420692  996030 11 29  19  33 332.8145833  -69.87206   38.09917 -1.0 nan
 139420692  996030 11 30   1  52 333.0777778  -69.85605   38.11216 -1.0 nan
 139420692  996030 11 30  19  34 333.8152778  -69.88886   38.12708 -1.0 nan
 139420692  996030 12  1   7  34 334.3152778  -69.85867   38.05843 -1.0 nan
 139420692  996030 12  1  19  34 334.8152778  -69.79326   38.02873 -1.0 nan
 139420692  996030 12  2   1  33 335.0645833  -69.74003   37.97727 -1.0 nan
 139420692  996030 12  2   7  34 335.3152778   -69.6825    37.9207 -1.0 nan
 139420692  996030 12  2  13  33 335.5645833  -69.62044   37.84402 -1.0 nan
 139420692  996030 12  2  19  34 335.8152778  -69.55101   37.76804 -1.0 nan
 139420692  996030 12  3   1  33 336.0645833  -69.46719   37.69905 -1.0 nan
 139420692  996030 12  3   7  33 336.3145833  -69.36153   37.66524 -1.0 nan
 139420692  996030 12  3  19  34 336.8152778  -69.24852    37.4846 -1.0 nan
 139420692  996030 12  4   1  43 337.0715278  -69.16732   37.36312 -1.0 nan
 139420692  996030 12  4   7  33 337.3145833  -68.99877   37.22299 -1.0 nan
 139420692  996030 12  4  13  43 337.5715278  -68.78507   37.23289 -1.0 nan
 139420692  996030 12  4  19  33 337.8145833  -68.68881   37.28838 -1.0 nan
 139420692  996030 12  5   1  51 338.0770833  -68.61457   37.34244 -1.0 nan
 139420692  996030 12  5   7  33 338.3145833  -68.55653   37.36169 -1.0 nan
 139420692  996030 12  5  13  33 338.5645833  -68.47651    37.4504 -1.0 nan
 139420692  996030 12  5  19  43 338.8215278  -68.42377   37.58647 -1.0 nan
 139420692  996030 12  6   1  34 339.0652778  -68.38512    37.7357 -1.0 nan
 139420692  996030 12  6   7  33 339.3145833  -68.34564   37.87634 -1.0 nan
 139420692  996030 12  6  13  42 339.5708333  -68.31069   38.03806 -1.0 nan
 139420692  996030 12  7   7  34 340.3152778  -67.94754   38.47007 -1.0 nan
 139420692  996030 12  7  13  33 340.5645833  -67.69376   38.59614 -1.0 nan
 139420692  996030 12  7  19  33 340.8145833  -67.35713   38.73677 -1.0 nan
 139420692  996030 12  8   1  33 341.0645833  -67.00619   38.81983 -1.0 nan
 139420692  996030 12  8   7  34 341.3152778   -66.5435   38.83499 -1.0 nan
 139420692  996030 12  8  13  33 341.5645833  -66.05025   38.75454 -1.0 nan
 139420692  996030 12  8  19  33 341.8145833  -65.63281    38.5837 -1.0 nan
 139420692  996030 12  9   1  34 342.0652778  -65.23823   38.32259 -1.0 nan
 139420692  996030 12  9   7  33 342.3145833  -64.86538   38.01821 -1.0 nan
 139420692  996030 12 10   1  43 343.0715278  -63.48756   37.78767 -1.0 nan
 139420692  996030 12 10  13  34 343.5652778   -62.8602   38.40511 -1.0 nan
 139420692  996030 12 12   1  34 345.0652778  -62.33925   40.17413 -1.0 nan
 139420692  996030 12 12  13  43 345.5715278  -62.50227   40.36249 -1.0 nan
 139420692  996030 12 13   7  34 346.3152778  -63.09701   40.71583 -1.0 nan
 139420692  996030 12 13  13  52 346.5777778  -63.28704   40.86344 -1.0 nan
 139420692  996030 12 13  19  52 346.8277778   -63.2873   41.02798 -1.0 nan
 139420692  996030 12 14   1  43 347.0715278  -63.18426   41.08179 -1.0 nan
 139420692  996030 12 14   7  42 347.3208333  -63.16806   41.14448 -1.0 nan
 139420692  996030 12 14  19  52 347.8277778  -62.83351   41.32283 -1.0 nan
 139420692  996030 12 15   1  34 348.0652778  -62.64316   41.29562 -1.0 nan
 139420692  996030 12 15   7  34 348.3152778  -62.46761   41.29887 -1.0 nan
 139420692  996030 12 17   7  34 350.3152778  -60.55848   40.02723 -1.0 nan
 139420692  996030 12 17  19  33 350.8145833  -59.98033   39.78576 -1.0 nan
 139420692  996030 12 18   1  33 351.0645833  -59.68612   39.81526 -1.0 nan
 139420692  996030 12 19  19  46 352.8236111   -59.0002   40.87039 -1.0 nan
 139420692  996030 12 20   1  28 353.0611111  -58.87043   41.06777 -1.0 nan
 139420692  996030 12 20  13  28 353.5611111  -58.46275   41.35566 -1.0 nan
 139420692  996030 12 20  19  28 353.8111111  -58.18932   41.47965 -1.0 nan
 139420692  996030 12 21   1  28 354.0611111  -57.95661   41.54366 -1.0 nan
 139420692  996030 12 21   7  37 354.3173611   -57.6844   41.54623 -1.0 nan
 139420692  996030 12 21  13  37 354.5673611  -57.45313   41.51144 -1.0 nan
 139420692  996030 12 21  19  28 354.8111111  -57.24741   41.43816 -1.0 nan
 139420692  996030 12 22   1  28 355.0611111  -57.04794   41.37053 -1.0 nan
 139420692  996030 12 22   7  28 355.3111111  -56.87025   41.29799 -1.0 nan
 139420692  996030 12 22  13  28 355.5611111  -56.70174    41.2479 -1.0 nan
 139420692  996030 12 22  19  28 355.8111111  -56.60971   41.27044 -1.0 nan
 139420692  996030 12 23  13  28 356.5611111  -56.43633   41.28261 -1.0 nan
 139420692  996030 12 23  19  28 356.8111111  -56.37396   41.29287 -1.0 nan
 139420692  996030 12 26  13  28 359.5611111  -55.95461   40.94145 -1.0 nan
 139420692  996030 12 26  19  28 359.8111111  -55.94036   40.91588 -1.0 nan
 139420692  996030 12 27   1  28 360.0611111  -55.97038    40.8735 -1.0 nan
 139420692  996030 12 27   7  46 360.3236111  -56.00053   40.89325 -1.0 nan
 139420692  996030 12 27  19  46 360.8236111   -55.9348   40.86337 -1.0 nan
 139420692  996030 12 29   7  37 362.3173611  -55.94171   40.58853 -1.0 nan
 139420692  996030 12 29  19  37 362.8173611  -55.87223   40.57509 -1.0 nan
 139420692  996030 12 30   1  28 363.0611111  -55.90781    40.5963 -1.0 nan
 139420692  996030 12 30   7  37 363.3173611  -55.91811    40.6375 -1.0 nan
 139420692  996030 12 31  13  37 364.5673611  -55.65304   40.84079 -1.0 nan
 139420692  996030 12 31  19  28 364.8111111  -55.61182   40.84405 -1.0 nan
 139420692  996030  1  1   1  28  0.0611111  -55.63819    40.8695 -1.0 nan
 139420692  996030  1  1   7  28  0.3111111  -55.57751   40.84295 -1.0 nan
 139420692  996030  1  1  13  28  0.5611111  -55.54011   40.76399 -1.0 nan
 139420692  996030  1  1  19  28  0.8111111  -55.57341   40.68033 -1.0 nan
 139420692  996030  1  2   7  37  1.3173611  -55.62506    40.4606 -1.0 nan
 139420692  996030  1  2  13  28  1.5611111  -55.71699   40.39033 -1.0 nan
 139420692  996030  1  2  19  37  1.8173611  -55.70581   40.29258 -1.0 nan
 139420692  996030  1  3   1  28  2.0611111  -55.78666   40.17333 -1.0 nan
 139420692  996030  1  4  19  37  3.8173611  -55.49803   39.71427 -1.0 nan
 139420692  996030  1  5  13  28  4.5611111   -55.2237   39.62382 -1.0 nan
 139420692  996030  1  5  19  28  4.8111111  -55.13194   39.66333 -1.0 nan
 139420692  996030  1  6   1  28  5.0611111  -55.11924   39.74555 -1.0 nan
 139420692  996030  1  6  13  28  5.5611111    -55.144   39.82413 -1.0 nan
 139420692  996030  1  9   7  37  8.3173611  -54.92202    39.9168 -1.0 nan
 139420692  996030  1  9  19  45  8.8229167  -54.90597   40.03522 -1.0 nan
 139420692  996030  1 10  13  28  9.5611111  -54.95174    40.0644 -1.0 nan
 139420692  996030  1 11   7  28 10.3111111  -55.03324   40.05833 -1.0 nan
 139420692  996030  1 11  19  28 10.8111111  -55.00075   40.14094 -1.0 nan
 139420692  996030  1 12   1  28 11.0611111   -55.0551    40.1912 -1.0 nan
 139420692  996030  1 13   7  37 12.3173611  -55.13093   40.34914 -1.0 nan
 139420692  996030  1 14   1  46 13.0736111  -55.22509   40.26171 -1.0 nan
 139420692  996030  1 14  13  37 13.5673611  -55.31695   40.23247 -1.0 nan
 139420692  996030  1 14  19  28 13.8111111  -55.34689   40.21456 -1.0 nan
 139420692  996030  1 15   1  46 14.0736111  -55.39175   40.20584 -1.0 nan
 139420692  996030  1 15  19  28 14.8111111   -55.4669   40.18032 -1.0 nan
 139420692  996030  1 17  19  37 16.8173611  -55.50548   40.05705 -1.0 nan
 139420692  996030  1 18  19  46 17.8236111  -55.48863   40.02045 -1.0 nan
 139420692  996030  1 21   1  37 20.0673611  -55.37244   40.24893 -1.0 nan
 139420692  996030  2 13  13  28 43.5611111  -58.28279   40.61552 -1.0 nan
 139420692  996030  3  5  19  28 63.8111111  -55.27253   40.75537 -1.0 nan
 139420692  996030  3  8   1  37 66.0673611  -55.09506   40.80952 -1.0 nan
 139420692  996030  3 10   1  28 68.0611111  -54.40779    40.5705 -1.0 nan
 139420692  996030  5  4  19  46 123.8236111  -44.86288   44.85014 -1.0 nan
 139420692  996030  5  5  19  46 124.8236111  -45.46164   44.88807 -1.0 nan
